25200
414
21630
24657
11888
12925
20871
20361
28174
2832
17353
15883
9968
22130
30154
2261
19564
23475
28456
17054
27049
28528
4058
29199
14081
17318
28856
48
7850
27079
11582
27425
29846
15118
31373
4362
26007
6928
12210
10068
25031
18581
9003
12826
1575
12453
423
4058
18822
30694
526
28017
28837
11813
6849
13894
3480
24626
7203
21701
3695
31729
21592
22287
7958
15022
8269
19439
25210
1457
3576
27665
18157
2322
29665
25454
31180
26831
8673
20235
15967
19484
3881
17123
11264
13050
10631
27681
6016
18955
10725
9107
11206
12453
4627
1116
30137
25893
14278
23273
26465
19334
224
38
5704
562
13553
29937
14631
30999
2046
20943
10430
32510
17026
24285
26628
14616
10931
26634
30592
14554
4870
8580
30711
9227
12789
12400
24647
8988
9984
11230
19091
2487
20722
10748
7328
28058
22885
11657
3967
8102
6536
1933
23149
15155
15392
328
1271
16295
16589
25192
9314
26695
17551
10111
2121
13901
13192
31923
6792
24890
18436
20664
30297
8557
31414
5115
31421
2293
18500
30752
23582
24228
28679
17327
31026
12132
4108
3594
30498
2510
16990
30627
26860
6137
8071
12907
1542
2960
19028
28302
13380
4136
26841
32605
26875
14288
11957
19595
9575
5609
23703
25501
4682
31800
22785
15772
32470
3641
17996
3341
18125
7862
14829
10275
25575
2969
30966
25394
11892
3071
24032
28519
4418
9357
19335
4535
13505
13831
20854
17941
25957
23070
25957
8936
14668
650
22016
4284
14625
3673
23274
10807
4160
18823
26114
22607
2074
2766
6629
32443
21211
25535
2484
19623
26955
5906
9751
1452
32754
18747
31617
22271
22400
7998
9654
3305
27756
16323
7307
15479
18906
27245
15853
13682
962
6504
14629
20625
7247
24897
16218
28142
22661
763
7512
14263
18471
25695
8848
32038
1240
25235
31071
14771
27776
13038
21651
7304
23281
17931
5675
9269
9931
24860
21342
8869
26012
24961
23007
15696
15180
24218
6752
15795
14521
7641
7253
17917
3486
3355
24314
15884
4537
14136
19351
3223
26925
26328
7426
28845
18469
27529
24678
3934
6586
13583
29508
2488
3607
14587
8887
12021
21466
22144
20476
7922
190
11393
15921
28899
28023
5614
27997
12870
2270
16465
9905
21013
26190
4260
7694
19520
2894
19046
19655
10586
16496
11502
27047
9874
27001
31486
8758
6630
10433
8347
31032
26259
20957
27420
28279
5584
28540
1922
21442
26555
24719
15111
29494
28820
20653
2554
27324
5673
4021
16585
24787
401
3253
4960
30352
22813
30730
18097
6882
22156
20681
6292
8987
3454
24926
22994
19628
30252
28531
28284
3120
4181
8980
10370
19885
12924
26896
12416
2582
22864
21666
28891
22036
2924
17488
14093
19973
9536
19988
32573
838
8527
14010
7699
20141
12444
30857
15562
11354
14174
7461
23431
1200
507
28340
19945
1694
17972
17472
26081
30499
17565
27996
16580
6673
7761
267
27294
6161
13027
5085
19402
1511
6808
6491
5311
28919
4307
29861
7213
5384
25296
31834
25417
8009
13973
30136
13412
8849
15910
19205
4035
8427
11001
301
23211
20050
30121
12460
1211
28857
19950
1454
6015
335
18125
2933
25665
29440
4876
18172
17442
16959
26089
25818
7786
12803
19468
32360
10525
23055
4281
14886
6095
27255
842
19291
11448
18528
12509
5372
24587
26631
26186
29647
4484
2053
3672
29648
30784
12753
16432
29908
17618
9094
4625
620
10643
1766
1094
25356
15673
6559
6229
8813
27564
10958
26746
6959
26901
4546
21331
17347
23351
514
4061
17032
11522
24721
15775
3380
16485
32368
17701
6006
29285
23653
7344
21722
9580
23547
17708
4588
17891
458
4962
26784
32002
11512
6511
21489
1511
26624
17525
9929
22758
14002
656
27169
8481
1404
1292
26217
12376
7655
29397
23594
25858
17508
7982
12266
13980
25417
6310
3408
23617
26391
9288
17800
16763
12286
30995
27881
15705
15523
20394
31701
16321
29216
6732
30433
26888
9548
30981
25142
16320
18750
15910
1080
30929
26380
5876
15205
1484
17112
11421
27519
23931
21006
20848
17901
12989
26343
3660
29023
3472
13618
9305
21681
31344
5203
22263
2322
17376
8844
4596
14181
27206
11643
16386
25831
19963
996
25960
29458
16291
5297
21239
22210
27322
32567
1344
19095
20080
30907
1028
154
14519
11061
21996
5923
30618
29011
23674
21754
13520
5057
11328
28860
12177
27560
13648
26496
18600
3701
20467
9915
5322
26331
414
3425
26918
24347
3617
2125
5693
131
10530
19939
17652
11316
23498
31988
10727
20777
29374
8929
769
17269
2129
27908
4938
6348
32504
2379
4351
11845
32766
31270
14824
15198
21112
24996
486
5697
7804
2009
4044
3398
28814
8322
31855
31160
4443
5100
2049
28636
1450
20241
14746
12335
19087
24324
7448
15856
8673
23440
4905
16094
751
25884
26534
2115
879
14802
8739
32049
19639
9729
17604
8716
28976
21439
27986
2376
13831
15826
3213
32116
9509
18897
10180
3192
31586
19846
22692
22555
18165
919
32590
20424
18991
13157
23212
14225
30314
4149
31492
8308
4924
5006
17101
13789
26096
22241
27074
1133
27958
12400
13878
7674
1305
5992
24743
16087
1842
4944
21909
22613
15131
15015
18836
9353
11047
1225
21409
10064
12624
29459
434
16529
20593
21831
7057
13250
11702
11570
2025
18606
15952
30092
1953
26997
32109
20511
15210
25044
15975
24364
10132
9126
28475
19978
10790
13483
24382
19728
5933
10633
24075
1205
28500
21008
18112
17398
25781
31426
19306
28152
8687
26515
5309
27375
1913
27629
2569
8254
21302
17399
21865
13280
26185
4887
30782
7942
7466
11190
987
21505
28153
1091
19074
31587
16659
32122
7312
3169
14308
24038
26100
17532
22012
9892
16357
16993
16484
9579
19157
18445
1842
26569
25760
26676
11611
29615
3850
8932
25289
26928
6760
13670
9389
29062
26781
8549
14359
8022
23624
12113
12996
9269
18492
28678
1590
32618
29489
425
16650
2549
953
7123
31367
977
26741
9970
7283
1655
4232
25324
32554
163
2124
24837
3057
8026
20036
21762
22919
18476
29778
398
30461
2231
24874
17374
22728
8044
17927
657
7189
406
7325
986
5212
663
16718
28384
22328
117
32160
31845
14966
14742
5871
6822
30827
12232
13663
2179
28299
15493
14101
11232
10808
14964
17319
10059
14296
26674
13264
29407
26666
26707
8553
31848
32730
676
13204
4808
1363
2739
31547
8345
8404
3986
29625
31251
17094
14551
31702
16944
1101
29927
23289
11023
30237
23669
9881
5526
20879
28485
7157
21596
16371
3638
16901
5574
11304
22143
26544
14704
21099
16953
21055
5326
621
12830
12306
27411
18344
17552
9105
7249
27634
7645
31334
20450
2131
1473
25834
7688
6164
32300
16860
31952
16920
14150
21081
29756
19568
1200
27144
23968
28201
14349
28566
12877
29544
1218
16738
11629
26554
20729
21113
17710
15013
6124
5060
16163
4739
16736
32128
25575
16784
4719
19695
5635
4417
7051
19021
20497
22487
18368
11014
20002
3125
28985
25638
26206
19438
7942
273
21738
1955
20509
21108
32527
18828
30622
2427
29080
19028
3675
4933
7803
18474
23959
18581
7612
21525
26382
17866
30095
2439
3638
32529
11709
25654
26309
25817
12872
10279
19571
11399
18770
4107
10241
4459
8251
13775
1402
8691
13322
26991
24505
27935
6414
27147
17707
9269
26053
13628
14806
1206
17660
24744
31386
7824
29496
12756
1463
19093
11093
26682
3216
25900
18029
28060
12975
8519
4859
24727
15880
1941
10048
11643
7298
30200
13030
10586
25267
13113
5092
25439
10219
27387
12961
8289
25461
9709
26972
13496
12057
4676
31435
12368
4837
12393
23554
4348
15918
14318
21911
28428
20945
18631
16388
22561
8126
15543
24396
19520
952
11528
8674
4390
14678
127
18118
20443
21326
5519
12017
12426
14322
23757
24051
26768
18171
30628
28123
28371
3206
12106
31319
19029
9564
22514
18204
12041
14454
29764
9608
23781
10689
11530
23942
30008
27166
28972
7603
14910
2221
20958
14015
27889
26955
28440
9749
15651
17497
2118
13246
32714
21440
1346
10114
8091
20785
2943
22865
31706
10674
29575
8418
10608
2646
12967
26778
19006
10827
3304
26543
28337
30234
9026
18317
13718
43
12813
14457
7728
23176
5048
14708
16520
15842
23485
5986
24581
8665
7636
26475
3132
10872
13672
162
17417
3839
8519
14564
20191
24038
18333
26883
16476
16926
13859
31780
23073
11674
12948
3686
16352
3342
12129
24261
12726
26871
30885
6205
16572
6107
11611
13874
12761
26066
22735
2063
730
21829
16466
6190
17860
23798
14642
31224
18024
18240
6889
17229
11833
5793
8597
13606
6747
4981
21672
22392
22524
26372
17889
3164
15079
26559
15483
24174
16982
31431
8356
3698
8
11951
15152
9278
30100
29571
7567
1748
23549
5129
17916
24526
2438
21574
21496
19967
27080
22852
24823
11095
15361
15891
20825
27143
2991
31246
12699
19686
5982
31839
29647
32531
6590
8390
8521
20188
10488
24982
21660
4063
8258
27392
4037
26735
18354
29587
17061
3642
11855
32260
5557
13864
27246
26667
19701
15238
13372
27471
22309
16995
3735
29091
23864
22842
29218
25872
26118
24018
11928
23349
25153
10595
30304
17069
13482
18426
18530
30096
2692
16158
11290
21820
6217
10164
29674
21333
3741
7968
31157
3082
23424
21421
2473
21914
3015
12335
28508
26903
24781
27367
22811
2155
28262
31654
1407
17816
21780
15669
28480
20292
27774
15861
27470
26228
29213
963
27934
24984
4153
18206
25922
24776
20756
27020
28221
5965
21093
11065
15253
20067
19719
25570
32554
1341
17651
17137
14533
21066
30060
23274
9204
27063
19833
31749
14358
27957
4248
8733
28338
26876
28593
31176
17421
8719
11849
16584
9723
6594
10232
1442
17653
27258
18973
2700
31596
25013
21968
20364
16221
31562
32280
2015
21030
8689
13918
32408
8856
22789
17698
11913
5453
13193
28397
4454
10043
15466
19847
27176
7818
13315
10089
3760
15779
18150
23413
29869
11402
8666
13541
1471
3181
1824
15234
32477
27005
18683
21526
24308
32508
19823
17699
10448
407
32584
29653
31808
25591
20574
27958
19061
18835
12568
4001
10668
7112
8495
26745
3085
29995
15796
6682
24018
22302
28757
24080
20139
23969
9180
30600
19041
25963
8696
10755
25786
22586
32320
2130
15518
4967
12917
12222
6775
7357
20487
17287
19934
6539
27355
15504
3699
15352
8524
24920
25612
6807
25968
31276
23059
9787
27548
5531
553
12813
25130
28971
2575
16859
22137
23114
26823
4787
27446
7047
26358
4529
17370
18946
1677
13589
18804
1825
3496
27544
11433
2693
14519
5633
18681
2109
22491
16115
19780
18233
23443
1289
19852
31745
5271
27429
8700
15271
11012
772
14121
6905
4282
9750
13209
19964
29442
12429
5762
23446
28533
29364
13267
14731
4121
19587
12664
25771
21196
10096
27098
18761
16358
17031
22438
4078
21530
1213
28368
8783
16797
18818
1751
31869
19594
23445
14922
7772
18054
4636
24459
12630
28064
17396
32467
13904
12922
1350
26998
20445
10670
25435
22121
31922
11371
4785
10241
22107
27743
17230
16125
10284
32474
3924
32455
29305
9008
14294
26359
11786
18527
9194
26137
25545
5617
22015
18864
27838
31780
19313
28539
28221
3913
31323
7158
26206
12906
25005
6692
23726
21807
24446
2188
2852
18690
16803
30593
4951
29042
17536
15527
5101
21461
29726
8115
12887
18994
9086
17522
27836
23902
28205
30221
18482
2660
30745
14219
12084
30506
24483
15767
5201
23122
5621
13700
11553
6751
4502
32142
22909
26649
3899
12899
2799
22578
21729
13794
16488
16425
11032
4898
27185
23151
162
25526
18980
30153
27708
6703
9244
13301
188
21987
21162
7056
10076
9197
5130
311
29782
20853
9045
3053
10673
13106
29175
22716
23642
1580
5476
415
28534
19911
15623
2976
23031
21245
17531
62
27245
10475
13822
13841
32031
23183
20771
3249
22619
9680
27079
8147
8970
26558
13125
13749
10631
7708
19438
27837
25778
8732
7347
27741
30528
105
24869
7481
5461
4714
27552
11404
2644
15558
31170
24263
20726
30499
11554
30076
29081
308
31807
11387
6875
26866
12215
4667
10344
17961
16314
16251
3088
20279
9661
12840
19741
11024
30323
20354
4579
9350
22521
20859
26520
8904
10321
9055
15462
2856
26641
29114
16319
28705
15708
29047
7409
12696
8978
8773
17402
29282
6212
4159
13469
1799
25579
22731
32693
16837
16601
30402
29386
16344
1519
6610
8674
7161
7825
3361
17305
10789
26455
28979
4980
8351
17157
19726
11891
21048
31678
15004
7653
24014
17524
12880
1152
30483
28323
14860
8625
11407
10303
31555
7985
20201
21995
1115
23769
23906
23915
14677
11959
7074
29788
14255
16737
13495
18210
12681
6281
3931
3107
1032
23506
14197
22323
3320
26082
227
16718
949
18873
18295
14477
22859
16961
28735
3155
25564
16422
4106
2503
22850
2535
23335
15496
23798
8750
17008
10140
9520
26717
24968
2729
31568
10089
8800
1895
7037
1771
14848
15189
14220
4724
25220
8619
8483
19233
30308
20880
24350
30576
20729
27790
12849
9554
6205
20803
19663
4738
21459
26201
16971
28436
30023
4536
28990
11857
13718
12281
27944
22978
27633
8222
11098
6795
16830
14209
30483
27899
26592
12811
28905
12896
12600
29350
7530
5408
13931
10229
18180
29445
26342
10562
14114
16857
11040
8120
2712
8755
31775
20434
9537
5264
5182
5907
2278
1189
7469
29176
4962
7924
32569
7723
26628
9374
13774
11513
2101
12664
19770
6662
24411
10336
28083
14911
17917
14802
6044
5905
16423
14518
29956
2520
31504
12668
25712
11163
19962
30571
8410
27894
16986
7222
11001
27223
26425
1489
22467
20590
29658
5762
10289
25822
32157
6971
20034
1849
17699
29735
834
15915
24243
11139
4940
9461
14812
28335
16910
19741
19548
7557
27852
26724
25665
25577
3495
20217
25934
4513
1056
13804
30112
9320
18136
10725
23954
14397
25241
8726
7901
20993
27290
16238
1796
14401
15871
3088
16623
20049
18080
20227
10709
9626
5387
18475
28000
14644
32204
26744
11532
1976
7148
23133
14033
32591
23735
28292
3841
28687
30914
16576
20851
30856
32301
10563
11745
8345
20518
19985
911
5769
16302
26804
24621
16978
8608
5169
26111
9024
1519
14140
23867
11195
29743
24232
29875
3937
20823
7201
30131
14169
21189
15645
28461
20707
8834
28176
7187
10803
6344
7647
2309
20863
11969
13720
15660
10839
3730
30816
27238
27957
25752
8109
26787
17749
22001
1973
143
198
16447
38
18801
1730
9896
5399
7762
2107
28706
25662
28259
7862
23277
21092
27801
19804
18784
13591
25242
6222
19433
17567
10972
9786
3152
27187
5643
8236
32315
15980
16300
17318
30967
19449
5633
23282
7797
27285
6444
4023
13203
17974
5526
19403
19869
26247
23954
7240
30996
19097
17982
19170
15790
27861
27562
8567
9117
17206
61
3048
7700
4021
11092
3112
32520
5380
15147
13458
22580
894
11777
7296
27999
12895
22135
793
7137
31024
7994
5226
23396
15750
12769
1209
15336
2284
1305
30229
1290
15134
5631
23602
23173
11384
20685
21108
2553
21677
27833
6218
26091
18876
16154
10173
21005
11040
18893
6729
25792
19783
2263
20459
16856
14662
17227
3195
4767
21707
25455
32572
16156
18003
6682
26802
19605
27037
20832
21171
1362
26718
12913
3777
19876
19254
17087
28311
18982
5859
23647
27394
15171
18869
1458
11506
12792
19777
27716
11473
475
12378
1780
23571
5213
15677
9046
3343
332
16396
25173
3341
4252
4478
26653
9376
2406
14804
17208
29238
29233
16399
20214
21229
9841
31072
5395
19880
25933
27872
29332
13411
15781
8065
1010
28611
31572
23620
7290
10481
31154
19629
19700
17833
32605
30069
15747
27278
1850
27518
24268
30657
6838
21772
13914
13233
8530
2865
19009
6197
18782
28553
28674
30168
28164
18984
687
24947
7817
17361
17488
8194
10960
20584
28292
1200
22816
7594
13932
30004
10534
23068
18372
2144
18494
26689
31571
29431
6894
21008
19590
14016
32691
4261
21080
18392
12033
31799
16244
7244
23685
30794
11678
23015
32173
12326
14415
5705
22890
30599
10911
23865
17717
9110
17512
28989
13136
28696
23209
31335
30286
17638
22312
6001
24021
28573
23388
1293
4259
9622
2697
20342
18383
25113
16173
16971
20305
29901
12187
2717
28613
21619
17894
16199
9580
2516
12032
17277
18548
18168
25891
14248
2681
32409
14704
27761
27979
4055
8407
3100
5874
23086
18486
28184
9967
19876
13253
18644
28869
19271
28081
13780
16312
27094
2055
15363
2005
29375
30164
21579
10290
11081
32651
7267
8823
15891
22182
11240
27549
22717
3216
16304
14838
20965
28867
12123
29806
27477
6701
24874
10000
1146
8153
12309
8396
20761
17611
30743
7799
26685
6956
15565
10003
16244
25255
7743
32081
26170
9746
4094
19028
5558
23633
1647
26040
26788
4215
3686
24275
20371
21807
758
11066
5456
1883
21896
7815
1954
9210
7211
3930
6199
13647
23083
19870
2527
6976
14053
19982
32248
13052
5849
12023
30249
8672
19201
31295
7764
18332
19042
18598
29381
7057
10720
10828
5808
31102
18006
30836
28378
8540
21734
29831
21654
28294
19854
22620
29939
2589
25596
15286
12340
7339
676
29454
3456
17158
31759
19347
5851
19064
26230
18544
12629
30748
21903
17741
17793
24459
26279
8728
19497
3256
21233
23557
4928
1305
31774
14291
20248
25608
10029
24914
19414
5736
22917
9250
21282
31115
3137
8637
6691
24915
10699
10423
19370
18840
2476
4421
685
14026
24226
17149
18680
2520
19187
18396
28191
19280
3842
4237
19127
12743
1568
19944
17349
26491
26020
954
8823
21303
29246
14532
5138
26743
8072
26630
26156
17101
19934
5949
21275
4227
6768
13994
29357
4226
30101
11797
8986
10098
29539
15122
32310
20515
2684
1155
12011
27436
13610
1886
15079
12754
10415
16560
5266
20523
5846
14562
2371
27267
11726
21563
24499
4606
19000
3239
15026
27775
3967
30903
5144
5065
23144
17384
25599
28644
16874
31784
18479
4291
6719
22678
16346
19235
11835
23946
20362
7350
8925
469
8535
7041
14628
14666
30045
29826
25123
2173
30317
15767
22872
1482
18179
7835
14650
27545
23160
5586
15889
8161
28281
23431
11018
21739
14520
10483
1419
10073
7393
26209
6852
23910
32464
1168
903
11119
1281
1369
6745
8627
24392
30609
6089
10071
26050
27185
18688
9901
9227
6836
5274
20149
9393
25281
16820
3556
4329
10506
13638
10789
30849
22900
6580
6686
22038
10360
9375
948
9095
9673
28417
977
4777
25143
4985
9060
15933
11475
1763
7594
26399
11092
24364
23469
4544
20921
31844
18698
6101
32048
18453
26102
593
13879
32468
14979
16273
24065
14357
3872
2519
19227
8260
3679
4602
6479
6417
13308
16988
12489
13323
11546
11803
18552
15216
3535
140
26551
15683
32739
229
11053
19616
20181
32313
20721
27981
29983
14250
20466
23953
3771
5338
32407
12873
21734
17058
3234
31032
1828
2055
21594
21919
25988
26473
18153
19213
8229
24574
30723
10873
24569
25471
3272
21902
19657
21537
4588
19526
13434
7879
32021
14522
14222
17782
23940
27961
7918
28169
32760
2199
16102
18726
2511
13511
2929
25968
20335
13228
16823
17150
27108
11821
19156
15117
20426
31112
15323
4081
30062
18152
5914
14674
14384
28985
12960
16532
6444
23867
26621
16791
2841
8149
29001
25505
22384
24237
5992
24216
24273
7925
5515
24693
14500
30344
22010
26357
30204
21301
27666
24977
3008
19546
28553
12209
10252
12981
7418
20253
30421
21112
24477
20148
6604
7067
10325
22880
22405
9334
13809
27977
17881
14991
12971
4937
29577
30129
19189
10913
21795
318
8566
7402
31018
4037
17487
3662
18289
11479
1954
24055
20424
24855
26965
2760
27610
23697
25107
20555
14422
6989
18324
4075
10573
14371
9247
23140
15836
25040
10061
11639
5898
9802
5135
14818
30195
2129
20466
17807
25895
4935
30626
32268
4429
24897
7341
20283
5388
18270
4234
4683
15403
7256
24794
10470
502
19800
26861
22700
20196
13583
7304
31457
14712
26882
28646
21602
20069
28965
252
10718
9205
7596
26114
25666
15531
28446
17710
22901
32040
17579
6595
3398
14667
17599
19018
32419
7324
13271
29727
21771
29163
11668
4144
581
3636
29709
21762
11347
25286
18794
31221
29602
31396
1967
16328
27011
26412
27349
25183
19167
24566
16671
22468
21285
6655
30123
109
15240
6663
10568
11453
14952
1591
19847
7116
5901
15111
30229
22379
9627
10079
21575
4451
16194
13308
4343
26110
2742
14870
30863
10185
10463
19776
11619
6295
6609
23695
21572
13257
28158
28414
28497
28109
6058
32529
23313
3301
28832
14777
8639
32554
18468
9336
6373
20944
3368
28357
32045
11691
26819
29362
115
31986
23774
10444
32286
7748
15153
4931
18865
18664
2158
25675
19357
1625
8123
25537
24666
25858
10854
22546
11701
18502
16340
30297
25196
31171
16827
7623
5112
24536
18577
25160
11946
32100
13381
10851
11257
7889
13612
25698
795
22610
24894
5812
2002
14696
10626
20367
11145
22955
17351
14298
21663
8903
23701
19785
16387
31685
9571
1994
8449
14732
4874
28192
29531
30887
24698
24013
13212
17480
10668
2614
29097
11917
13016
30466
29081
15875
12263
29123
20166
21609
8235
20184
21796
29366
4686
28050
1234
32349
25736
18325
29679
27599
21781
3969
687
29249
30439
8914
5550
11440
24216
21253
19076
19491
7074
18941
23193
16177
20946
3492
8251
29378
1786
26325
29165
4122
30951
12154
18434
23571
3986
19441
24683
7081
16282
21429
21710
8636
28914
11578
22232
27154
15831
8472
1747
26012
7686
10348
6267
23546
21035
31355
14861
1600
9116
7577
29090
18171
19527
32586
25787
9071
6890
22438
15901
25123
10114
23554
9695
29344
11269
1228
32705
629
21843
27319
25535
25470
8298
32536
1254
10086
6106
9104
31335
5227
1402
25836
7914
22369
27736
23881
31268
5882
24310
380
26796
19524
1459
23985
30218
1139
27015
1361
7441
28641
22259
14890
25200
25171
27960
3786
32131
10366
11720
2091
879
22218
8186
662
18541
30037
23809
24001
27494
11579
6175
13371
16321
23317
30486
8713
2425
10943
20192
24210
16242
8287
6303
11704
18445
12962
13015
27720
25594
23113
17115
15252
15181
15077
19077
4190
16596
18654
17962
10488
24488
4282
26317
11946
9987
924
15507
1620
26705
27915
25975
5204
31626
30197
5183
30634
7614
22772
943
90
7666
11215
10748
25874
19498
25156
16516
31757
24263
28165
29627
31543
16915
8192
20329
914
1563
12003
15123
31704
24253
1760
6838
32354
27137
18094
26556
24136
12461
3536
22056
1994
5395
25
23060
16367
9262
8816
8541
1899
31981
29905
21917
9414
16847
28052
14937
6587
18608
14834
31612
2015
31971
26565
16388
18563
10112
23695
21756
15322
4607
15806
1194
4959
14086
11822
28169
7025
30080
1264
28794
18496
31215
24906
32694
2541
20995
16382
29703
11245
24171
30159
10936
17327
5867
13122
2761
29310
21679
30114
16872
32424
5855
2374
19869
2016
30067
279
9413
23265
13897
18252
5441
10324
14452
11128
10735
8948
10712
4551
11481
18672
15092
10116
6573
23696
17662
16607
5230
20508
5685
17390
14440
10490
22643
17649
21353
7702
17921
14298
24878
30087
8368
23309
23324
25967
7973
16228
12337
31778
17525
4470
31033
21387
22002
2073
15685
5068
25412
7205
23129
2341
5307
28027
26213
20759
13283
31046
7286
25289
8793
1409
10798
30378
13022
26042
29042
4440
6314
32021
4706
13761
24834
8595
20878
648
11021
17556
11878
16042
4580
1179
15859
6497
31976
3154
7621
8520
19032
25294
4909
14016
2083
4371
10924
32147
12026
16603
27562
4568
5034
14483
29803
1047
681
22695
4672
24749
14830
32255
10746
18033
13574
28106
1188
20631
32613
11898
21618
22485
250
29199
1524
20165
30982
30105
12687
15755
6957
31224
16686
8375
718
14823
7733
12141
28816
313
31671
19651
1597
18785
4328
10346
29908
32568
22485
21137
20697
22011
9298
18182
240
19347
10036
13214
31402
16922
12737
32216
16799
21146
19813
19389
23741
15640
31655
5130
13791
6609
12890
31121
6049
12227
26648
30173
15731
5231
17644
5909
10733
30942
19279
21794
14179
18402
3414
16916
5816
31134
16937
6594
12407
16456
20407
29873
7199
29230
7336
8760
8639
21751
16019
28129
31171
11820
22642
21521
16142
15607
15699
27116
18249
298
11088
31859
21882
29570
12992
10991
23256
4910
7599
147
14814
27787
27532
20829
16286
32050
13602
24125
18264
6452
3274
1145
15435
13732
11998
31824
28107
15446
5744
27358
27028
19687
19004
19263
20574
3837
30172
29431
22705
31184
9019
13713
29691
13546
10316
27527
18912
30251
7420
24674
32209
271
28005
27682
29408
11060
23620
15328
466
2582
2477
3506
21878
11805
20989
25551
24886
3803
6417
29428
9708
3214
21941
20486
14583
10989
29023
8440
16781
26913
20510
21743
24658
23313
5325
10148
13610
26594
30092
29706
30540
20926
13425
6706
21401
27349
4218
31851
1323
7074
17094
22445
23600
7792
23557
31544
9977
5148
5678
9080
12622
22044
28272
31788
19973
10688
7018
3527
7891
14520
13214
6678
3681
29399
6179
11300
12450
15639
30619
24411
32101
4572
32101
8683
6438
30333
276
30320
8234
27136
18975
30927
10187
12581
15321
10848
27152
9127
32164
18771
20352
24254
29538
14156
19256
232
6701
13137
15676
21225
7496
27366
20235
528
14165
9846
32374
20413
13256
5365
19121
23072
9371
31428
14251
25155
8260
18389
7067
13131
7140
22799
27355
3835
13761
26868
30202
17273
1014
29569
19981
20053
15209
4437
17221
12487
17150
3606
12743
22840
1802
15889
4279
17924
8459
22304
30614
17791
10134
20689
3535
30518
14992
4036
6284
29303
8097
24661
6862
13843
742
1147
15293
17762
12262
22768
26429
5768
22216
21907
23745
13815
12739
27914
8292
17205
7893
4011
566
10976
440
21917
12243
16879
530
5178
1083
9786
31212
25272
2525
2109
10341
21001
25333
16920
31911
23551
3096
24539
3355
19892
11533
32001
3801
12585
27615
6970
24931
31277
30256
22126
658
31361
13520
6654
32464
24889
23951
15181
12680
18789
22351
7551
27099
7153
9309
17024
18325
18634
18177
27976
25695
6978
21587
14686
7478
11702
10577
19355
4123
16494
30255
49
8716
30660
5102
14828
8500
17801
22576
14007
22367
420
23371
3425
8368
30204
25756
14497
23190
24985
28958
21336
16124
14086
2106
27159
32704
6649
21217
1505
13927
24629
10457
21554
31759
6576
2132
4159
15780
25585
11207
4480
8279
3261
12793
9068
2636
18418
3163
2692
9107
31923
10135
23186
25434
28101
619
563
32097
16697
9912
12179
17326
11084
14550
29304
20609
16523
4395
16258
3210
13115
5116
14513
25946
32759
15234
24359
18456
19867
2113
4655
13429
1121
19349
32639
31713
24650
142
26810
256
704
9981
25145
2903
18297
21711
28427
844
24734
29082
7738
10829
32301
20598
3408
9039
1180
7182
29722
24442
5823
18679
7596
17186
30443
576
29349
5882
860
17482
30901
6532
20948
6617
27484
17612
11909
12140
20980
7254
561
12490
14065
5973
25488
9438
25704
31517
22514
15300
18894
14811
1829
17188
28419
10628
26265
13503
6286
9995
8130
4935
299
31191
13758
2420
19587
2932
11832
32596
5946
18313
16780
6627
18478
14346
22059
22747
1790
12718
19266
18125
31690
9380
22166
28529
15418
25986
31154
4155
2498
638
21061
14126
17700
30944
18886
17397
15158
24247
26713
32560
12005
21707
20214
15372
17530
21716
7368
14358
12828
12265
17363
11601
22934
20795
4314
19077
12123
6403
27264
1499
4807
25529
2989
32167
31656
4487
15667
23429
8445
8701
21170
28071
31998
14342
28345
27245
21084
6683
21037
4662
5833
694
15087
9079
26299
21770
5561
21770
26221
2545
1865
19144
13351
26918
4290
14425
20416
25268
21327
9803
7009
7342
14089
3426
22923
2337
31003
15407
19548
6215
25891
15076
23054
23293
15836
8551
23232
10615
6395
5029
29561
8755
12886
22569
8810
5419
31307
15597
24691
12111
25440
15984
31721
31282
13095
9480
4247
1028
23141
3194
16642
17344
6258
2504
5362
3494
28131
25418
8493
11244
8807
3840
23686
28593
25071
27431
17942
20018
13586
25866
16586
24128
22703
539
18462
18930
14548
32578
25127
2199
4830
31349
29399
29934
738
23177
21629
5018
76
26952
22923
7632
3526
21443
7068
9299
8284
1258
15285
24226
477
3673
30667
31343
12932
4981
14726
32596
3543
27320
581
6850
14032
26953
22626
26682
3899
3280
6583
2495
15967
30600
22369
9355
2784
29334
7875
5633
3044
27289
21454
29923
30069
6786
128
12997
1063
22694
15787
29121
19450
14865
6392
25197
28289
29
7211
15882
31812
1092
22953
12542
1380
5683
8759
18821
7549
31
18436
16035
22224
9564
4842
9053
30882
28460
18929
23080
29919
31701
30229
23714
24835
17398
16969
11136
30266
10778
7355
31431
23750
10382
32090
28224
18082
4464
30102
31269
7525
5385
28006
15393
18280
605
12688
24696
18475
30207
14117
26497
16373
27434
14410
24413
3771
25358
3646
26083
7747
5736
27801
1754
6026
25941
25042
19051
1890
31080
16644
2005
13919
19962
22770
20579
14324
4801
7240
1692
29914
7333
7972
30137
13489
22734
3540
32092
27370
30210
226
9598
19172
14382
21069
11945
26453
10818
22554
29288
24812
8770
10251
10237
26677
19354
18607
24913
5820
11187
29595
21553
25461
21699
19702
17334
13915
15081
13371
7685
24408
24441
4666
8761
29797
18069
18528
8862
23282
27389
9529
14112
136
9255
563
29699
1709
12947
28325
30932
26120
26201
3087
27551
19653
5124
32676
13410
15419
19362
7429
3266
10700
1564
11856
14333
9997
15556
32089
30496
21799
7981
567
3450
10110
23359
23299
26960
14736
11146
28892
17618
15391
8155
28206
21326
15762
21517
27188
20132
20889
2338
28092
30970
23568
21651
13611
26288
806
23011
21440
9366
3262
17018
7197
3677
11029
26545
29187
26956
31909
25386
26973
5940
17226
31074
22144
30118
5796
4745
13233
15715
5564
13713
32743
30228
23530
14725
31443
21052
15606
8476
25118
1898
3197
21646
5106
30387
29846
11686
15035
14687
8118
2584
26159
26083
14801
22550
13708
8464
3266
20766
30496
20361
15341
22294
24847
31610
25379
10138
18257
17031
7366
22933
29434
24579
13101
22798
32446
10083
329
21829
23732
754
18057
21759
26970
19142
29180
25886
12250
2034
10422
5492
17291
30717
2932
14297
21179
25747
32643
5499
22188
9083
32477
3702
1244
21193
13206
22437
25993
9557
25206
19127
13173
21355
26856
31877
26855
964
21010
3490
7666
16565
18246
26932
7161
19879
24473
26115
19059
28871
4817
32208
22764
1279
21381
3816
19020
26660
5247
23545
17756
6513
15717
15907
20102
7220
21145
15698
20189
29383
21597
716
3165
17858
6459
23046
30579
2927
10148
13244
29120
17278
21207
24384
29210
6906
7940
28179
10707
3196
12465
30130
3902
20639
19294
9138
29040
12979
9060
22543
31044
7606
1827
14786
15266
30080
9052
31121
16640
4157
26332
14123
9768
25632
18779
15476
14908
15702
31139
798
15864
4153
14069
14457
10296
15303
22952
13196
5050
20562
20243
4452
14884
11896
3245
27564
8265
4694
15987
23934
22440
24313
13450
19065
31029
15893
21542
7188
15709
26618
4010
26929
21828
10179
10769
15350
26961
28625
18828
27096
24812
4728
7532
12792
22406
29431
6979
5555
25306
17070
5958
8052
3699
7819
15350
3021
12399
8390
9472
2247
31618
15054
8545
32630
29246
27523
24781
7120
8081
9637
4178
1727
14479
31372
10809
1652
2929
23834
32045
30975
24542
4335
11935
23836
11370
6619
15464
23888
17757
16281
16816
4405
26805
31162
783
26898
19310
22495
1523
30639
3072
14891
14146
3688
11818
28152
25920
24447
1006
713
4274
6839
10205
27520
22852
14366
27796
16338
2344
25898
25991
12791
1024
18439
27901
3238
7422
3376
19292
19776
6217
29501
25511
11852
23459
18683
2373
13859
4682
4546
25348
7660
18459
17411
32605
9419
16381
22049
32250
9046
2429
3458
29301
29513
6582
17381
25699
32634
27508
5878
4241
4111
27289
13855
20365
9966
11967
17058
17768
117
18718
30181
16059
3180
10672
524
24296
29495
24468
24781
930
31568
14513
1152
432
25333
1179
8054
7917
542
32442
30092
28052
18610
9129
27648
27834
27898
30172
19331
4636
24150
30086
26767
8475
20527
20409
9722
29445
28972
2255
1484
5270
8873
9738
15438
23743
17509
6775
31075
24741
26746
31512
23579
26861
915
15937
17542
19511
27993
2627
30662
21224
17710
22344
19048
2093
3870
26750
17653
7229
7442
24696
30403
15326
6215
29905
27409
298
16127
1298
29779
24979
10871
6357
16843
15653
12568
2347
29529
29451
14577
22844
8084
8021
3685
557
25
26104
4897
13895
14372
28438
22866
24405
26973
30848
32532
23629
2804
8314
24109
16947
14063
19902
25595
9275
25027
22723
9643
10030
12322
23102
1196
25614
24341
17130
30563
24061
29258
8324
18977
3931
7343
13338
27730
21039
5952
15750
7671
10184
23068
8246
4438
9124
27615
17710
21743
32144
15148
24143
6579
3857
13961
28377
10609
16387
5744
15663
8593
9856
3490
4570
17924
24067
21439
26577
123
22989
15892
29175
24535
13960
23220
6630
11233
20267
16842
23531
24892
6429
4397
9297
10648
2973
17973
4579
9255
5729
27086
16812
4693
27517
17098
2049
15540
8327
636
15042
9269
27385
8066
28892
21406
31702
21218
23314
25912
16017
27481
6654
4296
32554
27375
13650
21953
15258
8911
6244
5560
9329
16726
14314
13080
4286
1642
17665
2071
26927
4621
4469
18921
20089
305
2364
11315
32506
19662
25923
22722
16285
7987
31598
3965
19455
5018
20442
664
4560
5118
19301
17163
15227
18737
15216
20803
19977
20777
32483
9751
24130
12186
1138
18429
8470
11467
32287
16510
23356
5794
28160
1511
29721
6144
28739
11586
12259
6741
26223
30852
21766
25963
26604
5384
16583
29062
7110
7740
12071
8111
24494
14491
14858
19533
24642
22747
21400
28661
1678
2919
16356
17027
24274
20495
20939
5226
23685
24062
28448
21064
8091
25581
8198
26302
7940
6295
11676
28286
23669
12141
5088
29349
1386
1418
19149
7500
9580
6889
10951
7257
19855
11222
28729
9883
21824
32418
8829
22295
6205
14747
25084
21148
21989
21819
24982
27550
5554
32416
3908
14401
13572
32316
12283
20147
544
30414
29396
7103
2168
4241
16235
1951
29229
25779
17284
23826
8914
15624
1013
9903
28531
31744
29888
30329
6101
16599
23679
19379
25856
7179
1797
2806
4347
26643
2882
15488
23511
6734
10343
1231
29166
8250
32331
2927
1901
7398
9485
17424
19728
6826
26620
19931
8749
1301
10163
23814
10228
32551
10120
25254
6645
27072
18984
26309
4067
11865
379
18613
3223
8690
30158
22947
32343
5195
10288
1391
5209
24407
5148
32188
3459
2798
5209
6979
25717
22722
3871
26988
31945
19604
11643
4127
13721
1192
8692
4055
1346
30326
17007
1017
616
25506
31056
24421
32315
6958
20962
22346
5112
23279
9209
28734
20914
25917
8918
24974
24146
7919
21322
17106
16605
18823
11551
14277
11509
11689
27571
3668
30883
18898
20966
757
8019
22854
25910
7994
30240
18250
25641
26278
30034
25236
31724
17855
15141
25856
313
30564
11213
9092
12413
21601
21174
31334
14651
16705
26896
18860
6315
11876
9611
5589
1960
24145
14687
8390
32713
26188
7824
3847
7117
7468
7024
27951
22332
27751
8037
10653
29003
14191
23788
22121
30464
19777
17630
18330
14488
6202
18163
24986
11814
45
31620
11239
3964
12980
6805
31754
9038
17859
25618
19661
2453
26755
23897
5545
1330
5725
2041
13950
2260
84
30137
19335
2843
8345
24029
32140
26110
11353
6052
8793
17770
22490
7701
16752
26923
8390
251
20731
15888
4807
26415
16132
4682
14931
1557
6888
26902
14794
12905
29449
12700
13502
28220
15044
25878
1425
6201
19619
20532
28998
8237
23763
3007
19857
25799
28632
26750
19760
7836
10623
21078
26238
31853
2068
28340
2118
21677
24534
31280
4309
4158
10920
10602
15187
12924
9
4408
30547
8828
18758
23044
24232
6549
1518
17007
15738
23328
13447
13626
24730
6525
13183
30311
7699
11351
11878
11163
19458
31784
27482
17351
6567
18175
3266
519
32443
8833
6975
12235
13572
24365
27615
14900
28712
12517
13972
16065
18367
16554
28901
19242
1963
2984
16612
21644
23212
13170
7264
10695
815
9102
26715
25892
5735
12340
11454
8508
28063
4691
12364
29973
16847
25813
4309
31629
9581
1828
11180
27132
20613
2285
27227
31253
29452
804
18324
11021
370
584
8299
7680
12150
26088
9667
4496
3390
22886
518
16591
31399
18939
1818
10591
25818
32251
30864
31959
544
12634
17950
16745
32759
23408
19023
26050
22373
505
24953
19506
15244
15712
27888
4365
22143
21053
5753
4177
18516
1052
26625
28296
7290
1408
2959
10480
10573
10535
18296
28890
3560
14480
2770
22096
16954
5051
7722
1530
27997
32304
19578
7747
30242
15682
6229
24503
497
27541
20837
15535
21968
9694
7703
3121
19905
29930
19861
25618
24145
6370
1525
24157
21614
6605
8879
19961
18297
16726
22357
9861
29084
25039
27262
7047
25182
3703
7428
15046
16244
10488
4463
1524
2010
26676
18352
20368
3363
15425
275
24331
5902
13234
8303
8234
25945
17945
23199
25003
986
10186
19254
26411
9419
2785
16751
21063
30054
29062
22883
9986
8370
30063
13695
28518
29852
10407
27700
17007
23881
29582
32240
12836
10923
5154
26446
25863
21586
8828
9098
24239
12165
16029
13111
15284
19346
19307
31540
25803
26722
23287
4060
32050
15184
12289
16509
4175
30267
30910
30475
17044
17626
9945
16406
2469
13392
2231
3834
12221
14593
2047
4694
9806
18083
12634
11455
27623
11928
26999
26037
2395
14459
29523
26325
27168
10489
11191
22865
5109
10978
7682
14238
455
20095
22056
26476
9686
4903
5115
12251
22292
12045
17321
24556
11725
2396
24454
14645
5005
6790
7948
29402
2623
9944
5920
26808
28306
1875
12183
19171
14753
29879
4601
24915
1490
2272
30085
14298
23294
27221
27765
18009
1491
22047
5763
26932
32375
31703
23723
15875
8814
24579
6707
14475
17854
14499
22249
1004
24401
30726
30380
1051
21658
31202
557
2963
10364
1700
27895
6472
4455
8453
31917
13021
15044
20958
13715
12054
13715
26173
28752
1168
23634
21432
31987
28848
11809
14081
30515
2777
25893
8379
12283
6114
19498
9356
20518
12743
6028
24180
6279
6046
17751
25181
25388
14797
18605
18931
18915
22139
1128
21685
5630
14916
22785
20044
23892
31025
18865
12060
28808
13287
31957
11034
32398
15646
7063
8925
4458
13141
21707
10999
18491
25284
1815
7557
29305
915
22103
27141
28795
10313
12351
5992
32060
28807
1090
11368
17758
21494
12979
29212
28527
6526
30507
17610
31084
20153
21034
26364
3971
21415
13825
2774
16413
20131
31471
1446
12572
7317
24202
25021
14945
4458
4704
17022
2450
7361
7647
20148
13082
9959
6002
5417
21617
14854
30957
8052
11165
19353
4907
10002
18425
14883
25845
8376
14389
21281
22822
4584
22942
30013
12301
25795
11423
8900
6163
11806
21128
6234
14750
6615
6287
15341
14901
29033
13333
30695
31460
28863
5162
22184
5602
23878
27730
29235
24433
4934
23689
3111
28166
32114
23174
25074
28074
10942
16445
4417
17056
30320
9127
8378
16200
30330
23493
238
28995
9223
22243
6537
18904
29268
9754
14028
9622
18369
25112
27454
30523
3368
19748
14750
6613
18285
22108
6939
3623
28502
25153
13768
10062
31645
31862
22346
27301
20804
22213
2003
9957
3625
14691
18773
1681
25050
18549
22255
8593
26794
17106
30892
21020
15621
7691
16236
20700
13056
9129
15650
23629
29236
29621
3392
28519
25037
4222
16752
19324
6878
22422
1669
22883
21752
3102
5553
9686
250
22083
17912
32025
1578
23561
20964
27100
21893
22344
9595
7011
18260
19699
18542
30436
30464
18848
14483
22577
4391
18245
18581
17814
18415
8256
22251
6917
24987
13211
28934
28784
5468
7821
14031
16247
10857
12100
4688
3139
3409
29921
6065
5554
20368
4293
8551
20660
17761
11531
31912
13045
13780
15445
14882
4284
20768
26316
30444
4627
24890
18530
12733
808
26791
25691
92
1011
9102
29195
14679
23321
7953
26337
26104
28688
23261
24996
4213
12420
10496
23293
16999
25850
16380
16182
18301
14516
13081
21825
2162
30932
17663
5884
4668
20164
18563
24243
7559
31188
962
3558
10849
19493
18796
4429
1079
28359
15459
26138
16896
12574
29061
1150
5816
26506
25541
21358
1552
7494
28289
2471
20836
7569
16912
8176
12525
6156
1690
14495
11576
25700
8492
8286
11478
10544
20235
19503
2646
27165
2889
30894
18032
16712
29335
20118
10883
18411
6490
12423
28482
29244
2049
5639
15273
25234
20885
6086
4151
30666
30865
4390
29271
6889
5621
31482
27679
4098
30358
25486
13372
20059
8888
10217
4653
9163
990
21070
21168
10086
7393
16905
24698
16221
2112
104
21803
15903
12471
26375
5761
23236
30739
31568
21452
2220
16452
9027
30626
29283
2740
6003
25043
7112
8663
13905
32159
28527
260
7341
2087
15171
28291
10106
6946
24688
31719
17106
20433
14976
24733
10810
3637
451
25286
32294
23679
11509
16962
21184
17096
5659
23053
7141
5890
26286
27599
6768
17711
3835
18862
11964
26577
19658
21095
13412
17569
1342
29597
19277
387
30204
9841
12775
9658
399
6738
5295
15192
6924
534
30457
9465
5361
14154
6380
31665
22355
10183
32462
2371
16697
16774
32130
12948
14659
20662
28750
26207
12687
1035
31714
25641
8924
2904
662
28536
17136
1120
11764
17216
31288
10730
12662
22942
23727
30995
10896
23496
10752
16616
16881
20037
6383
20532
29191
19801
29173
13719
5825
28100
15658
17880
10904
5548
1897
23676
21712
25047
686
2712
11515
27421
1474
10211
22464
29
12059
31247
24794
10032
12029
26202
30307
31899
31974
24928
26963
16649
31785
4403
5956
11320
21465
21933
8568
22514
32232
11013
5404
22335
20880
6817
26830
19929
3314
11819
29534
7136
8702
6375
16337
29135
19090
2884
25260
24751
10214
25777
13423
14986
28967
14257
5471
22307
30050
21554
7816
4324
29860
19483
25603
3608
5216
9764
11381
10842
29456
13034
16856
5197
7967
14403
16254
29582
29959
26318
338
10983
10423
19919
6242
2758
32311
16698
26778
2029
30094
26126
21458
19050
28132
22756
5644
10442
996
8904
14070
25482
12132
28743
13495
13518
25672
16073
19431
2133
15011
29730
223
28589
25120
5219
20020
9891
25761
2550
7294
15358
31781
13290
26462
12909
32751
11915
13247
11709
11493
2614
15195
79
19766
25707
29057
11466
831
5924
17686
12301
15280
29285
17371
10088
2794
13333
749
9995
31148
12812
28818
21694
1263
27245
29490
6867
21774
28214
31140
1881
28714
23061
24748
11155
27597
20862
20929
4009
25037
12282
32531
3740
11380
25794
24780
11903
11741
11404
22422
18661
9889
7589
22622
6038
24500
14912
1368
31110
11145
32014
22596
1031
637
5134
16879
13373
15986
15783
25340
21714
14778
31732
16868
27628
21816
4703
8764
17756
10689
369
24887
27929
26824
29928
31595
11756
12347
22538
8152
26732
21928
1082
29734
22061
27812
15817
28206
3381
3181
29454
26300
22447
6350
29113
18835
13284
4675
1636
1714
4198
12638
14955
10454
6286
20841
9214
13632
9513
28237
31860
14520
9583
14771
28898
9682
5173
2920
24813
26736
19811
12550
32732
21128
22439
24785
3058
17960
30315
21471
4090
16567
6149
19324
25379
11133
29742
1484
23310
5478
28342
26034
25638
14850
4726
20977
29744
31185
14469
3985
2850
10174
12207
7045
13881
20457
30754
18314
18758
23465
26475
7762
16969
14034
18593
21218
2880
23091
19680
16185
3649
24419
24569
13874
20423
446
13672
11435
842
12458
8583
32231
19986
5919
4865
20273
11340
15462
16520
22210
11358
8736
24267
2533
29816
907
29346
30297
18027
6657
5004
19191
30143
2753
12892
21396
1023
25074
14383
27689
22360
16101
4513
12082
16227
5531
31297
25427
15422
10631
7234
27713
15329
9620
22643
17120
16815
30058
19057
14505
11340
17389
23834
2639
3503
17159
838
1442
18808
8360
26802
18099
28035
19723
12093
20537
30909
30266
3159
819
1078
23764
23222
14799
632
26126
29770
2443
2328
3832
26740
28826
22666
9474
25203
29321
5689
26558
21535
26658
27863
30695
14553
1681
1778
14243
1218
25029
6089
5
5163
28185
26205
20438
12109
17716
3787
22421
30266
12845
28120
1724
18708
18675
27342
32325
125
3309
4999
3181
2638
27357
16071
5560
16012
2570
10447
3893
152
14494
15918
28163
165
30541
2267
12308
12655
26679
29569
25137
17963
9488
22298
18238
19641
16510
1727
1216
14369
30402
19902
30876
28477
20891
5102
7201
13235
17255
7231
6217
29991
32140
4501
28476
25774
1558
21975
24342
23685
20642
18242
25066
28675
24186
28676
28423
14284
10753
21510
24954
11848
24914
20745
10196
12371
13348
17652
8493
30262
14577
28268
19304
6358
11607
15270
9913
30508
5566
31609
29285
4085
59
9400
9929
9131
28340
10174
20638
12979
11333
32330
12667
11224
4579
28046
18843
24312
32319
11906
12001
2045
1261
28798
21785
1551
6342
27144
11137
4873
13707
27627
13192
3881
19659
10889
29909
13579
31238
12657
29323
18904
16914
13620
1484
7611
25022
14197
16764
28820
28598
12608
17223
3825
21926
14237
5605
15162
25762
20068
2204
14123
2246
23890
8199
391
24601
31581
1047
7179
14519
1093
3927
28065
14896
11372
25460
5335
15915
1767
9980
16015
7247
12757
20582
21752
28003
7407
8787
6845
2483
7777
15635
1660
18102
18905
26987
29305
14319
15837
149
29844
30481
23393
5513
29304
14182
7065
17275
17942
10353
30732
17829
1618
27603
6378
15430
18427
8811
15775
17131
27393
21697
5032
15341
18402
15013
28581
30011
20838
9747
7344
2649
32396
5466
13806
10153
4292
12413
15971
4842
2654
13786
27403
7422
26947
6665
21286
24816
31203
24327
31443
29749
22126
26260
27616
27698
26183
17369
20705
23807
29110
20558
18047
13675
7645
2011
22291
7232
25837
28734
21620
13000
24217
4012
1036
24719
27851
14011
20786
3179
8342
8575
31156
26298
27501
13299
26802
10475
28818
21915
13235
28224
2768
12392
28146
2513
23149
22236
17913
32213
28507
5486
8561
30749
25518
29488
11065
30689
31315
9647
1973
191
5630
31771
9065
32513
7268
1448
20422
16671
6571
30515
8771
10884
14366
5161
18864
917
24614
7845
19911
2800
5237
4824
27909
11249
24197
12718
3256
32379
24385
7854
28504
29685
22530
5411
9498
21906
16316
30841
27331
30678
14458
17385
27322
18262
30983
7513
5218
4799
32494
3965
32166
13849
7333
12099
726
2893
14342
12398
6321
17381
19710
11648
1219
4116
2185
9950
28657
14070
4062
32047
1874
1048
18406
27397
8000
11835
12531
16831
3247
6997
10927
28078
10430
9689
13395
1398
12940
18232
32025
26807
845
19368
22771
12781
18589
29476
28029
32661
14611
9140
11056
22674
30490
4334
26329
12238
5628
31933
10058
19236
30016
30049
31568
4478
26166
13495
27621
1082
20432
1211
24230
26579
17587
19787
31879
24509
16270
12078
28869
400
31147
20564
5148
9065
4036
15711
22587
27021
26903
1123
1909
22352
5308
27882
11449
26422
4407
28988
14276
28247
12874
23773
12693
20232
6413
13398
5409
16055
29248
19000
8265
8983
28383
9567
12553
19070
10999
7284
754
907
30393
19125
24794
22539
13772
16889
7890
28445
18664
7662
28760
23189
13729
23718
28366
21407
128
8274
25643
10917
27992
15949
11761
28274
6615
16220
19551
3735
9820
13620
29159
32013
24840
2364
9954
4893
10008
10389
21891
15741
28786
12632
21001
13244
14717
1310
13113
16095
16182
25798
3852
21325
16769
31090
28581
488
16316
28371
5253
1149
25498
679
21506
26974
3631
11647
12533
8781
15175
18630
30900
31388
12028
22015
32064
14483
8584
19278
16319
28178
23895
2362
7980
15479
865
23985
24397
4034
27062
14412
7141
5368
18522
29653
31788
28613
10324
22791
14972
29540
18690
16020
21581
25284
28591
27245
30307
31715
21863
6205
31046
21118
9994
18742
499
15853
19360
16657
6865
24137
25836
21584
22758
31951
15940
27591
24907
19337
7584
24922
25309
18475
10992
6664
22582
17979
25011
297
9692
25716
16581
18675
26807
29037
11384
5187
2249
886
14055
28059
25625
18370
17031
12134
9712
19660
13055
16772
7752
19443
8250
20482
11650
13927
16314
24361
6231
2377
30767
24763
22545
11534
21320
11897
15099
25637
16841
3560
26902
3289
26078
8533
8461
14968
22446
27159
16747
27061
6196
16404
29196
21579
9802
25223
465
10211
27143
1536
19608
9272
27211
940
15724
25721
152
3542
16632
22511
32548
3502
15426
11743
32044
3657
23446
14514
15754
22762
19903
3155
25482
9856
16254
23513
27130
2671
11060
23142
4224
31379
20706
9038
13105
6274
27219
28028
16478
8210
28568
3602
16561
7964
32693
3664
9593
23167
16794
22711
20803
1127
20821
16750
3754
10191
3461
28132
26992
27972
22802
24503
7629
7404
9499
9941
4614
456
22320
32481
3650
4662
24514
23512
9882
442
5335
10740
2927
8189
9474
17616
13312
10518
13971
27086
5947
27401
1803
10678
26324
25741
7891
7583
149
16659
27949
25363
2549
22019
24682
9070
27115
1353
20062
10887
5380
10512
16657
20626
24500
27853
31671
15173
19177
14208
19426
14906
32486
2871
31479
17045
26703
32211
29662
19942
11136
12046
28926
8273
25123
24509
18025
14828
22274
3667
7251
30568
13337
15527
11721
9716
22256
17143
24480
3678
16168
21548
17323
15227
19283
5983
23601
32714
14345
31389
13213
32340
5432
8935
7288
15062
9659
7549
11669
29986
23854
13917
20107
21443
28673
6150
26728
8672
10700
6273
3748
9315
32226
22434
13396
19033
1577
4748
16800
15516
25641
20595
7543
4272
14434
19622
32642
8940
9187
16844
7766
23514
2072
31341
3565
25824
30948
19125
25175
4127
5359
22389
27309
30619
14402
20075
6215
6044
15633
29635
26158
26709
16087
10461
21716
15044
5033
20561
19971
23769
28611
13105
1300
18650
26472
19342
10081
25606
17129
6205
28925
4217
22787
24026
31138
5711
25453
30990
19946
10252
434
9742
10434
1596
24125
24932
24860
1622
10674
17906
24549
230
24709
3124
12855
27371
3781
3781
3023
7806
1592
30757
19905
5813
15021
32185
25962
8903
14478
19475
6055
21617
27061
2164
3140
11672
7296
2959
11704
20783
296
14736
12559
15195
4430
7005
23079
17621
5591
7452
20511
30097
16122
5621
5645
27293
663
32025
31727
21323
13515
28675
7141
18834
3777
28158
14237
2482
6091
27879
2574
19735
9393
11060
24937
19584
24905
25397
5452
11616
6215
17306
11577
24196
11607
20790
19272
10231
32105
5634
12056
29219
6476
16741
25867
2104
3711
7602
30131
22994
12868
32499
10631
32726
8949
3813
13531
2204
29595
6723
24591
20308
13757
17223
6
25250
21878
15727
21209
16012
31690
30333
5325
23958
27450
20673
24963
25899
2710
21146
13679
28991
4627
28475
9099
17203
3742
19627
4941
22521
12143
11023
6870
10616
4576
20780
18796
7986
32640
8744
30250
29220
21091
16528
26358
2029
29629
25248
25524
2355
10415
15294
2489
14147
8545
8007
29571
17655
32337
16526
2215
14045
16363
13346
2570
3733
21593
5712
11860
17787
14236
31465
25250
23175
23004
2630
892
30577
16380
28552
8710
28952
4722
31780
10618
10020
3670
9376
30933
1770
3256
14999
17617
13713
5175
2051
22036
9587
10447
12220
30631
6854
19955
30523
10665
25468
28380
23972
27717
18023
8480
9220
14049
28065
30086
10966
28568
20523
19225
18637
30443
24276
22651
32461
7091
30813
24444
11578
2906
26842
16107
11894
4683
30811
22189
31397
16551
19660
29195
14516
18234
8986
11344
24729
8365
9112
916
21212
23293
21920
3539
2390
5420
30333
1090
17721
1334
14216
6370
24144
6726
10130
19029
6024
3882
19330
10737
7344
260
10815
18451
3453
24131
20433
15029
14801
16850
3011
29251
29500
3727
28363
20651
6084
24319
19373
14004
14817
7488
16220
31632
2508
22335
1122
692
25593
9003
5507
25575
10466
10281
25501
22937
16903
8009
8915
26999
30771
24760
29418
31548
32512
20792
26355
20938
22941
17358
12331
6777
31951
9146
28703
1711
21046
31404
30228
9137
210
10037
27557
25784
7878
22396
13486
4936
12379
7218
1641
6589
6215
10184
31191
23591
23856
3551
7522
4951
26732
5888
18880
24122
8715
31885
15898
32102
3607
8439
18286
27891
20250
6194
30514
20620
12769
5222
11578
26053
9856
2792
30939
28847
19094
9576
5457
22187
26834
21356
1374
23419
4534
4093
4660
13471
12699
12191
12693
26334
18422
19079
5945
8739
9177
5897
30064
3978
18877
18512
12552
17851
26238
17745
3185
22391
29607
19457
3615
12400
28912
21702
9776
13406
22277
18988
22351
21583
10121
26842
26328
3646
15963
23492
22588
2792
18456
26786
14248
19931
481
16544
30689
11216
9822
18775
26483
31546
11266
29180
266
13087
14481
26839
6944
27687
28128
17655
15064
30707
29661
30757
3626
687
25550
7446
20801
29419
30942
30181
8993
31654
10709
11968
3469
5292
4135
14561
17448
19747
16432
20927
24282
11360
30398
2694
4981
5375
16336
25541
12953
24114
31389
20839
27605
5977
24280
15077
7438
10707
26419
19386
12581
19732
17698
10262
20948
248
16865
22998
28889
599
12472
2484
27735
28122
22142
22715
21113
1293
27228
28159
2136
18869
5075
3210
22559
25443
2560
17817
10861
841
14367
6921
28410
14925
2895
9740
30846
30044
19860
5664
20430
5121
12834
7234
16968
19766
30425
5726
12146
22138
16140
3851
23006
291
2950
25973
16209
16886
29647
12698
15395
22261
1195
14522
32233
32632
26596
1544
2386
31359
14665
31654
22351
16199
11511
28624
19831
9243
27351
10840
5545
26477
17256
22098
6387
20261
8639
15376
8626
21049
24268
22353
26875
126
23006
7605
4922
7358
31337
2420
24601
7434
32520
15440
4516
1361
15806
20168
20138
20530
14721
8079
1126
23055
12537
14140
2910
611
2693
5187
5004
30549
16767
29476
7100
24461
14529
26338
30773
22086
5735
21943
11419
28068
3287
11782
7444
11080
13567
26513
23210
13091
24030
9452
3825
5255
30022
2354
19177
28036
28128
5622
15653
22641
18032
9596
4909
22473
5722
21801
2594
13369
17254
29753
29344
246
17600
19120
11240
14932
5955
19603
23103
12949
18166
3415
23697
16638
12759
1946
17754
26417
26584
3345
23239
24758
19496
29378
25112
20699
23475
19827
14920
702
15596
21090
2544
28584
31946
12342
1129
32668
7440
29750
2608
14384
22482
20409
10383
19868
15413
20957
15482
18961
2166
27004
15544
16204
25902
17244
28483
13930
26068
22694
3568
20990
29315
16794
7762
22113
32509
8320
220
3145
13041
14562
31559
12701
26489
1784
16947
27784
7655
27492
17937
29901
21441
16160
18240
26458
22538
25524
30070
30751
1475
9132
7778
30240
1970
30537
12176
21961
2402
375
3980
13698
31083
22783
4682
4228
16627
29182
3269
5099
5237
15254
19431
18956
16834
17891
29353
4104
8005
1072
891
2466
138
32619
6374
1869
21506
3287
4464
4745
19968
23809
12992
5232
17672
30453
2050
19084
9033
29617
32653
32236
4456
3546
3011
12407
15999
22958
19257
13440
26982
14650
31769
25242
3889
24781
16068
25005
25337
32684
27579
13641
29408
24839
191
1595
7759
6444
26935
22878
16770
4859
9683
10420
14919
4506
5999
4789
10754
31338
28986
5095
6389
31545
5655
32431
24254
24761
25923
9575
29729
12592
14904
27312
4616
24434
9170
11274
16840
10765
5809
15010
17062
31427
7902
22122
26778
23101
21681
24431
22611
19453
6386
12648
17530
9877
23614
23946
4155
15382
30124
13988
31490
26316
19633
25447
14722
20008
23105
27397
8188
30718
17719
28671
16830
31217
7671
3383
10730
24363
32082
2381
4472
5713
2730
21544
13950
31669
11606
723
14511
21454
27975
15755
7970
18918
18156
21526
27478
18195
30292
27734
23922
13672
32147
32541
19921
876
27238
5955
16317
31691
7962
1782
4475
17740
8873
1874
28041
7939
15399
30257
24867
11464
23900
9797
15371
26600
8371
30052
7562
2074
24147
7458
21170
30900
7307
29093
27111
11806
24435
693
8094
28551
7120
21267
2147
26840
20793
6668
7201
6374
3960
17229
1694
28652
27443
8441
24901
12856
9676
1017
14888
29476
3205
11924
3141
15432
21224
21823
3336
13550
27750
8630
29458
24006
10558
27723
6713
13532
6816
8062
10448
21958
530
31183
6696
27170
20500
8656
21078
32320
30207
16510
7991
3611
3891
5585
19122
24206
9585
15250
8765
30404
5254
2669
6051
19953
20778
21831
24324
319
5927
28370
11805
9740
17086
11614
201
3154
22854
24818
1736
1382
1302
28571
7872
742
2213
3076
641
8684
27888
14919
2189
30344
28444
5891
7896
11118
29021
5295
25292
18923
29462
9005
31376
15902
21570
30114
5002
27492
26642
23174
10787
25876
6871
23031
32458
8045
12067
3667
23611
11468
22059
27397
4865
23330
10096
26015
20025
17830
15263
13610
9626
11975
28341
7097
4274
13925
3430
28229
8050
16448
29120
20148
7149
7857
21260
19515
31069
21912
19701
24038
13415
2453
25068
27509
2208
28539
31946
22634
8015
20481
13751
17760
7029
29627
24139
31646
9994
2889
6388
14060
25994
26575
32664
16806
28592
6053
7547
5902
15489
15183
16482
32742
7053
9903
25849
23871
9330
8825
17010
5516
16289
25064
14703
22522
11365
175
10786
10756
10273
7475
30130
29505
6873
25335
12001
31617
27891
6487
15853
3865
27199
2682
31667
15739
22070
22146
2074
26122
5503
1797
24495
1836
4280
30401
29837
928
13426
24971
20096
21010
12925
12425
30314
19180
26727
22177
12517
2160
3903
20785
19497
3332
6302
8449
1329
9164
23785
20342
18457
12158
32464
21512
20427
23410
10266
28149
26842
25337
933
17975
23470
25328
6312
28084
16866
27029
27452
2998
19178
14489
1563
20634
13305
28022
20903
204
30497
1026
23598
11251
30141
26436
30572
25704
8716
1159
20305
2797
27678
5294
24069
668
30196
4039
24874
24861
21219
32483
13409
28444
22073
8228
13583
3322
13603
4375
4961
20419
32718
29508
13453
27233
13773
16132
2651
14095
31163
14483
997
29968
10273
15206
31642
3744
21913
20415
18057
31531
30772
15998
18653
4541
16410
5946
13219
24506
25456
23696
20436
22479
24959
19131
31375
27944
274
27749
13990
28387
3615
29117
30556
14277
6826
32202
2157
1580
18151
24063
14159
4165
21663
24591
8632
10367
2516
14851
19808
1600
9896
14473
27912
1750
29307
10127
30395
31408
9300
10512
28500
21198
10882
28206
3904
17014
5507
1666
9349
10537
10788
14768
22019
22741
24298
7998
11258
3148
18609
26790
461
8693
14995
4521
17670
28353
7435
27367
9625
15713
16474
12973
7021
19895
11818
12302
25880
26762
15986
1077
25579
23421
29593
9721
31022
28994
25054
15282
18604
14859
9719
18251
1139
14401
12024
22681
9685
17785
24439
14827
14258
17316
18926
19171
5626
28293
3168
32132
18029
24937
3904
10635
20133
9490
11150
10755
11095
23028
31811
30996
19670
21156
24303
15900
15576
12941
26529
513
20861
25829
19463
32197
4493
32735
2518
14170
11777
26658
19564
24760
13510
18555
21941
11566
24765
12750
28235
4341
11014
30547
8417
7947
382
6910
17633
31038
18054
24127
7252
1671
32263
19180
2307
25498
19379
18556
7387
16827
9869
4469
2454
10195
26027
7463
13208
18883
2618
20891
27671
27128
27332
4551
5759
31040
9134
31747
15637
26844
28933
27841
22746
25302
21882
6520
20658
23701
12970
22497
29637
14254
13987
25958
29478
25853
17060
17112
7859
15861
12069
30816
26940
2100
4375
21944
30695
22362
25709
666
16594
16668
16347
29561
31995
6036
30174
5744
29021
7643
18172
19576
21340
27354
2381
733
19555
28253
26938
243
24780
19561
10117
15877
15872
720
30858
21390
13279
3330
26820
24491
23906
31270
27282
27601
15486
10602
28987
11195
19788
8343
15664
10407
21608
12520
15762
11458
27799
24092
10996
737
6060
15306
16226
24177
22188
13557
12194
32689
3376
29152
18873
26655
13323
20515
23730
13103
7981
8447
19866
26435
23239
8687
32207
21208
25520
25471
26235
18941
16136
4705
3419
22538
13595
22206
14021
14734
13191
15818
30953
12937
6818
24987
5207
5340
31254
17211
13761
2813
206
2812
1282
31471
9238
8971
9568
5490
16893
24648
2830
25975
17150
11605
18933
29654
32480
27629
16821
21315
26843
120
19174
10367
18172
15324
18851
715
30923
6037
18761
6306
4394
30728
1404
15527
18304
26900
1131
7901
1047
2283
9813
11798
3011
5408
20045
11694
3781
19969
2106
21368
7918
9254
20513
505
20744
25674
24231
29396
3441
21850
7889
25990
21513
31948
12559
9811
30542
32050
8057
384
4806
17167
10072
30403
16542
29673
15336
16632
21136
21407
9820
1557
4618
5117
26403
17248
19340
17038
15466
18912
10577
18609
29154
24337
8499
12783
24003
21980
31177
11404
12049
13253
10962
30812
28958
13927
7382
14296
26704
19741
3082
22385
11300
23299
4725
32549
8819
21789
7505
16975
16372
4309
20916
451
12803
22187
9327
13338
21920
3368
10550
2123
8123
4115
23810
5756
23215
2024
28596
4887
23820
21894
20731
14367
7577
26152
1143
22725
18585
918
287
21302
14926
29853
8160
21688
700
444
23942
9205
22191
12832
29664
26006
4607
21715
3615
3860
12051
10800
7296
31691
22436
16794
2859
22609
29379
24429
24666
22533
21534
32565
1469
26859
28799
17950
16670
22967
15253
31148
8257
9767
4855
20140
23566
23958
23142
9323
30449
22479
11602
37
6786
11295
18848
23744
30817
7854
6059
8890
12900
30734
29577
23649
3573
31509
7055
31298
30389
27880
26647
15331
5222
25433
12416
4277
30727
19827
375
1348
9280
27218
2165
4273
29953
8761
22665
22114
10855
30174
27736
12280
6879
30728
2402
4993
20621
1372
26759
10735
5615
11892
18377
10698
13757
2098
18771
18977
29204
22100
17339
25030
30420
17480
26500
1723
19271
8257
24039
16871
1795
19594
17618
11021
19985
23323
11314
255
22606
1898
30830
4623
2066
643
20019
2247
21520
17755
27511
28890
2173
23905
4536
2137
9077
26455
25989
12586
20634
11360
26432
5815
18430
5466
26914
23523
5187
26733
9855
25922
1024
1252
24652
5001
19047
4412
8926
579
4901
20347
6388
7878
3466
3012
4088
11110
13034
22823
4482
744
19523
4285
13854
12346
31519
18165
5455
11873
18876
11049
30420
25778
1643
1397
10537
13125
28214
18120
8529
9127
27333
24379
18387
4559
26499
20130
5891
24915
508
9057
28290
4828
6537
23426
16392
19928
1000001
1000002
1000003
1000004
1000005
1000006
1000007
1000008
1000009