28726
10797
13214
3384
2771
28219
32011
31856
13810
28875
7896
31449
28298
3529
19662
22118
20181
10837
31775
468
18343
22726
1876
30933
1023
32239
20104
12142
10971
23458
10196
4254
29521
9331
13322
20544
16092
31934
27558
5170
11764
3308
30721
14519
25313
2289
11464
13338
26320
20761
13741
23957
25895
4101
19548
7024
12566
31216
2737
15469
18798
4408
11560
100
20151
5145
22933
5163
8061
30651
15893
1208
3818
5231
7236
28042
27034
26421
5296
26181
15530
3203
18062
29596
4882
22593
6060
32627
7477
12056
14503
7237
30391
1260
14686
6084
32399
9383
16806
8384
30045
9529
16960
1098
22013
12253
12808
17945
7260
31645
11118
6189
28298
8728
32298
30129
23569
12675
2348
25894
10118
8174
28882
9662
20061
968
1374
19462
17153
13734
28071
4552
3365
16192
27151
23856
17492
15292
17332
17197
6352
3376
15339
2330
24217
2914
4074
27038
20172
4050
25796
8401
29486
762
12187
928
28681
20180
28176
9842
8247
23197
17151
22284
14204
29657
19306
28081
24345
18583
16306
14734
157
22262
13581
3158
13055
30184
4916
10538
32234
23350
4700
6843
26456
17092
21864
13490
32610
6935
29789
17488
24150
23316
2838
13393
18699
25866
8249
10263
28529
6899
30825
20996
31084
2039
10685
2344
21987
17202
881
25116
20
28599
7644
20269
12074
32213
9890
3005
9233
4505
15659
22247
2441
12947
29524
16738
6777
10461
18020
4776
646
11098
9281
2391
11493
17212
20708
31447
30061
2249
16394
5693
28657
7518
14124
20079
14796
1716
19378
12169
2493
20322
4452
9088
29174
4259
3361
27142
2159
18778
16339
18349
27008
9811
23970
12366
18607
8140
1384
28844
967
4148
3173
6997
27690
10290
12853
15561
14951
25577
20734
6878
24591
25979
24046
867
11205
22731
19941
28164
29589
17544
12910
30061
14727
27751
8948
27571
32371
10415
17971
3567
14102
22267
4076
6956
5990
18491
1757
21123
10275
20477
9968
7300
23215
22763
13235
25560
3871
8852
3848
24869
16530
3183
26654
24114
19393
4636
22175
13388
984
23790
13867
2536
2437
3751
22022
5001
6222
10626
20749
23524
15911
14711
8687
22338
12612
8890
18329
17959
14380
14725
3570
11057
22543
1815
20169
22594
15705
24573
16139
22242
4743
12176
7226
12254
14649
7359
19994
22069
6537
27662
20654
14645
31644
17119
31330
16866
8054
12272
29322
16279
1811
7462
27659
2032
9907
3721
30808
19942
28533
21135
1697
29756
26663
1949
25415
24347
18525
6859
19346
2297
18880
9192
27046
24255
9129
17086
19635
10026
25839
24982
12653
31089
8189
255
11964
1833
7463
28876
6836
15718
1854
6748
15303
292
18017
16414
6713
2789
32023
22099
1493
9627
23451
22806
9183
21703
15735
17306
6473
9699
17748
3252
9513
12542
27409
19609
16235
3238
12306
28648
4035
14602
28123
7147
20710
18016
29405
10266
29690
14981
24975
20704
6219
31203
1473
1954
11071
14232
5166
1022
17548
12501
2128
31312
4776
14211
5240
7035
27522
20525
22557
16870
21871
26394
20596
28612
7271
24761
14146
665
18289
2371
17391
16377
604
10139
731
8083
20400
14201
14069
30319
5860
3783
31113
26484
25297
29259
3161
15661
25703
23943
4592
4301
3487
477
8243
25200
22704
16631
24889
1699
3974
9830
13916
3367
10096
9353
4496
1266
1305
6321
30964
16759
15545
23170
26791
1319
8844
23197
1757
13624
16260
5244
24114
31397
32315
22428
4670
29814
9259
11234
17001
24385
27425
21816
3840
22001
20207
14967
29833
4038
25441
13193
29012
16285
18035
719
10579
30834
705
32192
31787
15139
30271
10451
16779
4470
4394
19103
8125
23134
319
14913
12411
11130
7466
27903
26627
27615
9281
1835
29294
3095
9842
29769
31549
32617
10362
19060
4917
23131
22616
31997
10349
14966
26114
8790
17573
23369
21590
20782
1497
31921
22099
22750
1302
32343
3209
22788
8077
21625
14030
31853
21990
14830
11827
23353
13782
17252
15159
18489
500
14317
7226
3484
3016
21178
20532
23755
29733
21029
31142
30097
17849
30709
28113
18559
7651
24286
17447
6287
22468
18760
31231
24583
28057
19794
32396
31904
1096
533
15120
26344
21816
4653
27469
30949
27238
22390
23100
2043
24758
25619
22274
22031
9351
7349
30240
7661
23689
18457
29418
16103
30419
14291
17722
19391
3120
28235
16229
200
3514
26117
18542
25927
28843
24101
1658
7199
19567
20530
3460
10158
7934
29466
26194
9458
11112
28534
424
16880
9905
10512
27579
29526
9952
16802
21480
11615
2131
14561
15526
9207
15701
19898
26554
22048
15347
1244
21162
26772
32267
30838
22387
5035
18341
21826
17790
10368
10118
10434
1745
29007
26115
25802
9603
28962
22036
15422
17778
18093
15529
15645
26168
13942
16961
19390
346
8249
8888
25434
22723
25482
3936
16331
2417
30652
30548
21651
13935
15106
10761
13600
24579
15572
2086
21071
15144
1940
13974
12590
7486
11634
2011
32518
20481
7309
4005
9881
25016
32346
5283
19112
17838
9802
21657
18872
22758
21415
20147
12054
7947
19135
2073
13593
19366
2373
32451
15527
27540
6644
16015
24058
17078
19317
19600
30372
12778
20099
23721
22737
14650
32589
1371
32717
27220
24092
26076
28102
24378
31541
29289
5842
2363
23041
23260
32052
27682
3947
16257
25307
6573
8074
10278
13355
321
24192
29041
4096
26587
22690
9335
4336
7242
1497
27785
15313
15260
19527
8017
14203
6614
5678
2847
12751
8936
32526
32637
5625
18399
23566
17417
30705
19549
9117
29060
22856
2118
30809
24870
11041
29117
23344
9780
12670
847
18629
17877
11197
21101
17941
8482
26210
27168
8282
17788
6678
15864
25648
5922
15344
18758
20470
2562
8948
11914
17783
23760
9945
27439
32457
2646
7184
29558
2678
25867
20737
19121
21210
4326
28824
27569
13516
20340
28160
5505
27009
21033
23982
20565
18348
1780
24482
16061
8170
4885
32489
3870
14430
28723
10855
8547
11160
24489
10963
13552
11964
10274
14851
13015
736
20837
8042
26703
5557
21106
30175
17762
5482
26061
32415
29669
31693
30746
9622
23213
21684
25834
6874
24832
17307
30165
9593
1610
3214
22473
4980
8721
9290
31393
27403
24619
2975
3833
16699
19759
31256
5697
22918
1833
7134
14609
29426
26258
26330
22460
26196
13183
19226
2344
31182
15128
17014
31709
3479
22860
883
27995
1530
19139
23399
11185
5794
23316
29662
21835
21268
17209
1853
19212
10365
19520
18597
2205
9390
2626
794
22276
11877
17305
13285
3448
4814
22606
9270
21619
3145
15825
17934
7946
9838
25325
22620
20090
9038
4090
5735
13315
17916
5973
30315
25849
9805
27149
15239
5400
29147
25823
24278
27416
15952
26981
5085
897
20705
6026
27685
5569
32536
15169
24104
28539
3287
17015
13170
14883
11162
20293
8704
16072
32508
14955
5356
7216
19069
6650
26700
9002
11394
8272
7255
19744
2717
26441
17353
236
4879
31668
12681
6636
30603
15620
10633
25945
17725
25928
6382
2516
32267
19806
6514
3394
22299
16739
17414
27866
16533
31085
5819
31612
6826
2685
29154
31301
15317
25519
28786
8032
11360
11188
8107
32543
15147
4738
23033
2890
20393
27466
18715
7351
7467
8875
21380
15130
7009
25893
30978
5919
26653
2512
25245
27318
30299
5454
10690
13230
11903
26878
6817
31878
25565
29298
30163
10112
17278
28452
30016
28662
8225
6244
6208
5617
16257
19349
31488
26616
3286
665
15656
7974
21662
12426
15290
16768
28061
22187
8765
32389
29475
26014
5916
14854
29837
16087
1865
14647
15886
27216
21797
9735
7856
21630
28324
23725
20373
10373
3756
14211
24707
6824
11711
19736
19872
14083
26074
21632
8825
2172
19869
9199
20041
11255
3755
32135
3449
9161
15188
7789
3171
32623
10098
17442
10075
11137
18576
7185
27632
32225
24914
20836
16239
21048
31761
11548
20137
19107
30917
31841
10998
2217
12840
12566
14458
29297
32280
28849
20903
22577
3389
1354
17411
3562
28141
25841
2604
19795
13900
17221
26393
29714
6584
24899
18082
29234
28004
3931
1859
31954
24642
5577
4381
22810
27175
30498
24125
21364
13866
16685
22561
14072
3149
24565
11896
22823
32351
10012
2858
3549
23584
1394
18328
6017
12967
5830
1829
26495
23297
2045
23285
17144
23579
353
21237
8120
9185
2875
8219
19816
23464
8355
11247
16132
23497
25751
18762
2192
655
11595
25181
25863
29268
22976
18422
22677
31462
9624
1535
17157
12848
28457
24903
30333
22
9168
25222
9833
8608
18055
4763
17077
26459
17594
19479
4927
13052
3415
17919
10124
30791
7717
15310
28346
17711
31574
22202
2997
5439
17759
15416
14766
29752
24839
26050
21705
13308
26046
9688
23318
14762
17969
32325
31171
9739
26395
11171
31376
23853
6238
2593
9602
12621
9298
14212
27356
13562
26973
5740
26955
30840
12740
5849
9313
13923
15808
26605
32580
13204
13269
30452
20392
22089
27487
24481
7418
14463
17774
12698
24542
14755
2003
12088
21980
21354
28283
27015
15702
13822
26364
23957
3518
28506
10862
30441
6
8695
10620
6993
31575
3752
32442
9185
14853
30146
23354
26424
15043
4993
8538
14597
21011
15271
8671
714
28673
22630
12104
23008
28177
20608
31580
14012
31094
6317
29446
12656
28036
29757
3170
26484
12904
10494
15128
28327
29719
10848
32489
31121
17796
32727
16519
4331
1046
27265
28842
1633
3929
3593
7520
1174
10484
8395
29092
24681
4315
26425
21299
3959
12741
32381
4763
26592
29153
14944
24981
3407
31684
6762
916
12084
5030
6730
27806
31828
19663
24953
16987
28548
13132
5659
29548
22961
15846
22310
22781
19748
7253
8645
5790
19972
13744
9727
11342
27677
27432
20116
28377
10719
29430
39
23141
21674
24466
21410
29511
12873
10022
20439
10523
10172
16194
26211
28691
15674
8401
14296
1167
9078
18508
25371
3310
7714
1581
25610
3492
30641
13223
17762
25485
25186
8084
10720
14466
27258
18351
28839
9769
24016
12803
30946
31505
19599
31395
18602
22014
1848
27036
6954
2945
15846
9512
6657
2508
9430
21540
17895
11973
16934
17604
21140
17497
18653
27526
31198
5907
9516
20068
2593
23277
7668
12366
13283
21094
12167
4311
23224
27604
947
21551
28004
18684
11005
10065
2368
25824
31530
29821
27871
19416
14084
31721
32240
6628
25434
25780
26214
13121
27977
23067
3287
27450
1466
2287
27682
3393
22060
4422
3669
31806
29364
16498
11982
23591
11585
10031
18336
31185
11813
24608
3640
25862
30161
6781
9024
28887
11232
15622
31171
3635
24408
13627
14738
13497
7212
18126
8423
19915
31237
28505
10569
21988
2113
12877
29615
10283
15164
24874
16360
10312
16079
13302
29498
15990
21015
17896
29258
23001
4216
19044
21051
27923
19425
3628
9498
6418
23633
6356
25978
31275
2202
630
17755
19309
27749
20904
25681
21551
32630
30123
12514
21484
8753
12517
31023
24657
21341
1937
28375
27027
29481
1718
8728
22790
14188
30549
14391
32236
13617
20967
24866
15498
9075
1543
20565
13186
15141
27243
15610
19292
22646
26904
11604
25702
16722
15318
4445
5822
13612
19682
28846
14509
10747
4068
12192
7990
23170
26400
12209
19695
2517
26864
20265
784
8217
6514
3069
26826
1163
27774
19955
15578
22724
9179
7175
17757
31035
23986
16653
29158
26379
26434
9113
25550
32502
10198
21788
20683
8618
14324
7247
29636
12612
30936
32469
32740
2067
16417
3612
18926
19614
27593
31620
7120
18152
29274
14275
26234
6898
17247
8584
17904
3202
3097
1886
2974
12323
13428
211
17133
11629
10297
25306
25619
30342
16517
21359
10543
6377
24954
16505
14741
2918
8244
15860
8038
7530
1279
3919
15205
27521
15815
24595
11013
32025
21712
28614
21703
28553
16295
13583
3778
21074
23128
15387
4995
6308
8929
17470
14616
17444
18663
24798
7784
11500
26024
8589
17094
2771
28721
1397
15301
9199
16848
15865
32077
17497
16077
1177
26606
25392
30549
2070
4469
6369
21687
13527
31677
19109
9939
23692
11720
12107
9678
273
25358
4407
15371
18069
17685
29099
11351
20731
25410
28997
26724
4224
23791
8649
11129
16799
29118
9505
11623
9266
27692
15778
447
11737
6761
13201
30530
15263
18791
13286
2969
1755
30256
3151
18247
24917
10622
26744
5595
31914
12677
29834
28266
16626
11796
2290
24636
30367
8924
17251
22470
18344
1039
12574
12248
23528
28974
28273
25368
5313
4636
24445
29103
11268
19062
26173
20290
14869
14119
14788
27940
26442
10806
17094
13514
19605
6371
8538
1663
18275
12275
16382
4184
17603
584
6108
4459
18379
1460
2636
23868
12087
21007
29593
13176
32340
22151
23304
16358
11549
31032
25622
22170
17315
21757
25858
16492
17586
2437
18059
11176
11185
20905
4347
5383
458
21500
19044
15582
20043
24996
2602
31894
26188
5993
26049
4188
24467
5388
6840
10521
10932
16090
6647
23205
6268
15744
22597
14904
20112
12321
2061
16673
28498
17574
8289
18362
30980
10838
21823
11419
8240
4774
25875
31758
10567
13394
24446
11203
1416
1196
18774
16069
14115
6964
16878
26029
16543
29546
3479
28438
9081
224
10598
7248
12814
18835
19512
11865
14522
31355
30964
16136
16962
10849
1552
14988
31599
16113
15959
3349
31228
10256
32489
22737
27315
25968
30339
18458
27346
2657
27136
20462
4275
13290
8736
30367
26540
9496
26249
29387
25397
32150
10763
13967
3400
15998
19496
15096
29710
4463
5076
8122
6839
1504
18297
29477
29097
14515
1598
13908
6622
6669
18057
29096
30599
17766
7618
28021
22518
8156
13659
25338
11962
12493
4365
14743
11788
26788
2660
9274
15978
18931
9597
13083
6529
10435
8975
11689
3152
29736
29608
18627
9355
15896
28729
3372
19773
30076
31701
569
7858
1672
29366
28877
26004
21832
2689
21127
9556
18044
1994
16698
6603
19110
27867
31390
31778
8033
1457
19525
3823
15092
30024
31696
13728
5671
10265
32610
6941
18518
20448
6741
11177
10691
19618
12844
26121
28720
9967
28617
18409
31150
32613
225
22907
14768
6005
3500
7265
31843
22378
14049
25037
29762
30118
12257
19431
17893
9007
18738
32367
1561
24939
32560
17059
24118
25896
24831
8803
19117
10975
25540
16019
10209
8250
30229
25793
312
1747
26542
10247
22129
29759
31077
307
19256
4939
10592
14886
29943
2693
3973
10362
15088
11263
24114
31592
31881
21071
23342
8424
29158
3802
25824
1561
31421
3411
22463
14052
20326
20606
26634
8412
18482
11322
17337
32105
12030
8382
4275
10022
20232
31523
6977
24199
14081
24355
18627
16831
24931
7712
8866
31713
14084
32615
3461
28485
8172
23991
200
24365
5731
15869
21034
23720
28751
17250
27077
31415
21181
9351
29252
3503
958
1551
22864
31198
3700
24159
13387
21873
28012
18081
23873
24981
12078
23823
23579
7901
18707
7278
28694
228
3159
19672
19828
1331
29039
29119
25458
12645
11677
22831
15993
15497
18113
12371
23192
26567
6514
16699
31282
19015
1357
15836
21748
5198
13197
15449
13066
3498
11229
18561
18579
21329
11114
11928
25938
6213
29243
25434
19622
28090
31429
11581
18876
22139
20410
29431
21507
10634
29731
21312
22496
2054
4526
27097
30628
27218
24905
26061
22715
2164
495
21751
20773
8635
12738
18628
2347
26533
7515
14394
25930
4095
14686
17209
19572
21070
23121
15105
7800
21614
32430
5109
28350
19065
32566
9375
22327
19947
6537
22003
30612
12291
2292
10456
29878
19308
8586
13540
3174
6428
8566
1127
4423
3197
11407
29100
25352
31434
9773
27003
14046
4540
23867
14050
17458
8551
16014
15414
10647
15710
373
15700
7678
31006
658
7980
16941
17322
16616
16513
9837
9842
12596
20458
22659
27513
23425
17181
3554
28343
30455
21356
15903
7869
30708
9104
16805
28823
17502
29350
18602
19190
567
119
15970
11407
13425
1788
27762
4542
6660
27938
29351
23919
831
5834
26344
18750
4443
30228
12649
8413
5206
16861
31010
19638
31487
30086
13440
28626
2381
32247
12890
7418
18676
14308
12070
26396
26682
9039
19053
20720
31495
28751
28796
24538
21052
18703
3165
22035
23878
32025
5637
22532
18931
29141
20687
242
22148
31820
20009
10976
2563
2098
2189
28081
18135
12324
10932
6542
27541
11054
22278
12423
30233
13200
852
9085
23766
19138
15561
22079
4714
32437
26654
12019
26485
5212
21006
13496
16044
15211
9226
393
18217
12127
4397
2916
12549
27070
20338
2220
4137
18848
12581
29645
24929
21614
29335
29214
26035
29674
4118
8715
18414
21871
14364
5235
16517
20090
11719
30031
11166
27242
12169
10133
17767
1412
13857
22620
169
6458
8138
19776
11167
7597
7090
29192
22280
9328
27053
27014
13179
4239
16939
9663
22779
4048
31336
19276
11467
14648
14562
25600
22915
29905
19984
9419
3428
4267
1361
19166
29417
10017
547
21520
6046
14941
32149
5761
13621
10527
30719
31613
4311
24761
13040
24995
25784
28767
1896
27206
2030
24989
27719
13843
18563
31273
16646
21748
11209
19163
12453
27957
2285
12282
16612
24038
12751
9913
25014
24704
7697
7169
4339
28107
19567
6257
26189
27134
20046
28068
7045
23592
12695
18610
25823
13520
15557
19961
11731
26584
12605
8733
3589
23976
2014
1101
2679
32648
23514
24008
30461
25420
30660
27296
3058
23095
14570
24510
1066
26394
15588
12839
22311
24508
3437
25470
25488
15742
15986
30665
7646
24895
12905
30840
5977
20094
30948
10403
28995
8638
31590
20115
4179
17967
27765
13956
9317
11914
11504
21161
22639
5437
7075
7281
16055
1992
793
6921
19779
16743
6577
13090
32401
6385
18420
9204
27273
1536
10534
21890
27568
338
31259
23584
9374
17519
27213
21811
31154
11404
811
313
21252
17584
6579
16137
15003
15125
32322
19547
10977
17873
24235
28554
8531
15029
3719
28313
18813
24182
10701
30581
21542
12042
17827
23929
20168
11605
9075
20535
3907
27141
6720
28534
2001
22971
10811
24695
5949
13419
28305
18557
10576
25605
24968
20619
15245
18005
9930
5744
6686
17960
20480
12033
26893
4016
20387
7590
19895
25641
3599
25880
19582
20669
21722
5480
11967
19621
1123
31556
1284
658
18350
21622
6522
18763
14959
11693
26277
3991
13668
19840
26194
16221
13544
20656
19661
23562
3526
23469
1109
24627
25675
1372
31949
7804
6559
24344
9140
10680
9045
15863
6231
2129
320
10574
28741
14058
17800
4727
8196
15940
25342
14801
23554
24670
13741
25865
1486
8417
31153
19096
31112
11450
9293
22157
20375
25865
21303
11405
26265
4410
17974
2840
18848
31857
5871
29709
18075
556
8956
15985
18706
20004
23615
30060
19735
21364
29558
10388
32377
16124
4367
4463
22586
26888
4157
12850
22595
2605
28747
20943
6999
14196
28721
31023
30022
27067
2149
21948
22883
5207
14067
9507
10039
3838
20944
3672
12151
22245
21355
3034
1332
27429
21894
19256
28498
18531
11844
9684
3643
18352
25475
5863
2516
25774
26731
21189
23473
12020
22855
25443
2437
27316
10644
28182
25564
9371
30808
1693
7436
15609
32438
13154
19560
11810
19646
1789
12728
4628
18570
29434
19686
11098
9094
14300
7674
30000
14863
5729
8520
32487
4416
9736
23528
5771
26376
29905
3175
1732
2176
21572
21436
27642
25212
30644
27262
25788
97
18373
13908
8547
27958
3884
21420
5874
11005
25782
26544
22849
13379
30348
20085
24667
15350
6837
31094
15652
8055
18652
4674
319
16112
24916
13681
24110
12264
25945
23004
16315
32276
1177
14350
26007
28272
9203
17909
16450
30863
16766
6877
5418
27183
22989
20384
11799
26897
12913
12054
6086
18184
11712
19155
13268
23631
3029
18450
8671
23583
15576
30956
17383
22401
10368
5582
25082
25186
3797
11049
12560
3813
26171
3947
16692
13053
23212
29999
5860
11322
21061
28080
29627
5603
6916
28548
4685
9542
9680
13703
22867
8268
29369
2581
18952
8784
4738
21116
11730
9009
24924
28336
18213
29862
24309
16705
2468
10706
18353
29579
7562
7449
21303
18989
12873
2097
15408
7612
25713
25212
30027
19384
15058
31125
12165
13246
32485
30761
5543
5376
29800
20232
24848
24563
13385
13435
11188
20551
11973
11737
9061
25372
6353
22357
594
32115
18617
24090
28877
22242
17927
24730
13393
31885
4262
10530
20419
81
25415
30386
30968
10306
29956
18445
1912
12888
32323
23820
16513
101
1246
25143
9295
16458
13185
31382
8347
25707
16467
7109
19554
96
9944
28743
4327
24046
14614
13340
25595
24117
19446
16278
30588
31530
750
13416
540
32072
32477
256
1379
14723
29750
11799
13560
27518
27745
10886
25372
32765
13918
2395
5751
25501
19116
26156
11543
10691
9833
25515
12470
8146
25018
30843
16443
8353
1389
32322
12932
15404
25565
14080
22115
1929
30998
15519
29670
10526
5690
3787
29404
29970
23588
13059
19092
11777
18762
6896
7912
15860
24296
17654
11898
31632
8539
19210
30270
20365
30666
21443
11833
20074
12044
6579
904
6751
9158
31991
13219
8596
22484
21261
27875
3216
30443
26854
6210
28916
3708
27452
28771
7273
31963
10534
2514
3031
23456
25834
12428
25304
26958
10002
16066
30572
13874
18370
20698
17902
6286
8776
31415
24902
11255
9973
25146
13153
24572
16171
25352
8670
23048
14264
8078
27402
11914
9570
9027
20239
13650
30659
31277
22888
32062
11864
24999
24216
8983
25556
30305
540
4022
9146
936
22686
24939
15914
22504
31339
1183
3579
17007
6695
16311
25867
7795
29632
13884
4819
3927
10144
10041
14655
21034
22055
27365
25532
18545
3928
29570
5266
8230
27346
21893
15476
15616
23554
6903
20565
18165
5784
26139
29054
510
5943
10065
23518
21274
9329
27194
3745
5781
23538
32285
25348
11146
8187
32138
1383
22695
30995
31037
1187
28208
16377
19012
27551
18758
9180
20325
6430
7274
24782
6586
18907
8509
14967
19614
2264
6025
3846
13517
31219
13701
5741
23238
12986
27989
8654
5236
5504
11217
28464
23054
25265
29831
25975
25148
29794
32515
19603
18811
22572
14670
22007
18626
15163
21428
2381
16230
23714
14794
26984
5179
31217
7344
25978
12796
27146
29332
27271
8940
23088
3959
10521
4030
24929
15156
25398
9650
24038
26814
22159
10242
20776
29353
5882
12412
11717
236
27938
25456
19427
31717
3453
6860
30661
12445
15231
19590
20124
2638
11534
12346
23967
1314
16949
26645
14173
15934
25884
12529
29522
17663
9784
24001
19385
4483
26815
8752
19874
17516
13151
28805
20292
5088
31023
28362
8340
2516
28390
18221
10775
30603
16459
22438
28148
16985
14828
1242
8013
28077
15123
13376
17359
1615
1014
12674
5000
21221
13358
806
2809
28092
3434
29293
25453
11205
20069
19067
25993
29918
14869
4793
18979
29011
7974
18552
7512
12453
29606
23511
22488
11658
22786
29670
8837
21300
7217
15883
30781
26582
1583
19621
6643
101
4269
18672
2309
24988
21255
31785
31689
29250
15222
29682
105
8879
26759
17911
16882
28045
14027
14034
9127
21980
22224
18476
9883
1592
32593
29221
19839
30047
4010
3062
29368
13294
13966
10197
17589
18283
28924
26138
23679
13960
30063
927
8849
10918
24406
10092
30187
19097
11971
13204
18786
12971
28775
7514
11066
11747
8638
4248
27382
5255
9607
25186
20847
29663
23671
5862
7972
25404
13870
32406
17617
10809
20074
11914
2627
7233
27259
22559
5994
19793
27383
17381
5040
1023
1454
29624
20361
3260
23520
12332
11339
21078
16558
1327
13889
24513
17359
29161
9466
12054
21636
20455
13799
27100
4302
13689
5414
32391
5342
22360
18584
12094
24269
11660
20793
32225
6797
24461
30385
6475
27168
15273
28966
12244
32263
15781
25941
19226
4606
26791
26337
6402
8678
30804
29930
17913
27395
11573
9442
19584
3431
14431
28572
24039
25006
2643
21670
18520
22252
2339
18393
32280
27876
29142
7470
8714
7803
26894
26324
15733
20588
32488
31103
774
6204
10788
2818
17177
28529
32390
7968
30004
9983
8827
13983
31444
12035
18432
29855
32621
1715
11456
11818
6572
26773
25980
6156
4607
1776
30896
1765
29271
27777
3188
30076
17197
21870
11168
17750
6595
5248
26163
28040
23468
22668
20726
3017
23438
26162
10332
3019
13095
6602
6829
22732
32398
17820
32099
19816
23739
16463
29141
21937
22858
14245
15634
30593
9084
7013
22288
13583
13951
13464
29958
32193
22255
15607
4886
8513
2460
2725
16687
30931
26510
9242
14130
15078
29510
20575
29779
11496
21319
30593
28099
10079
5589
26432
4236
8246
25085
20487
6844
12116
14805
3617
4037
16756
12805
4905
19492
27952
17030
962
31809
7774
5290
23945
31382
2976
29277
14664
22804
10807
15018
32109
6594
5144
32641
5306
23208
5186
12471
32061
30955
19790
30798
17283
28473
11848
11255
15881
29543
10685
30677
7411
5977
25365
9860
8704
28963
17955
10842
5310
3693
15611
19436
18170
14108
30724
8660
15739
17199
31822
13746
20720
2022
27685
31345
23334
8234
15846
30668
17534
5161
21777
20240
1439
9281
12704
32035
29032
15135
10647
32197
23336
19240
24797
13334
27922
6935
29514
15448
17131
17896
1281
2807
7430
29174
11520
31942
16242
864
28149
15500
20850
19888
12627
8639
20781
2239
30886
27791
28583
3283
14628
807
26864
6667
5508
5167
11420
12029
27155
17045
27250
12957
24324
16013
22377
30049
29959
28630
16080
19874
16414
5439
13260
21318
17580
32107
30471
32412
10959
15569
25767
11911
15344
1286
32381
23007
24217
319
26239
28692
1158
23570
23929
11540
16126
21116
6655
25711
28004
30760
2982
1977
14857
4334
24180
27697
22852
9115
21140
5023
16069
10736
15438
31875
15654
493
16439
15723
17347
1103
8101
28581
11980
25687
10598
11542
23960
15565
8882
9578
828
28229
15453
3694
25949
12961
26705
29625
32066
2519
9020
10642
12077
25588
1670
26382
3052
11361
13958
19321
20651
6757
245
21239
6412
27372
16291
32363
30586
26503
21352
12952
26554
24243
19294
4743
20418
29022
3149
22824
719
22951
3175
30267
31410
3814
30518
29297
15210
27372
19922
24271
5368
13452
22359
21332
14191
13146
30102
16603
19787
12466
12811
6723
4099
2556
5904
6348
2786
14383
10575
8132
18
28820
5501
868
9210
17101
26182
14069
8906
22549
22147
9782
9299
14281
5043
15874
16925
13608
1193
26670
9139
27223
26754
32433
13634
25767
25050
31239
11362
26139
16960
24279
20276
24613
10726
11987
12717
2993
20381
24799
23857
16996
1281
9334
5732
32038
19185
29770
13629
7134
2627
15403
17244
23164
17589
5674
21661
5949
21030
25342
19949
20010
32262
16807
3676
28131
6411
10833
11892
27034
21285
12410
18889
11362
29109
12375
1746
20906
13818
27508
20727
18180
1995
22684
30955
15148
14476
11000
12092
32325
29275
21626
3369
14181
10122
1917
8115
4948
5714
31653
10487
20625
13509
31245
3002
19606
6405
29857
5446
30301
12724
11464
6517
18979
25259
11591
5387
14956
23023
7010
19016
10823
12512
9027
3006
23763
11700
928
10593
32258
14628
31897
13277
10397
23653
9695
2604
3465
23386
28699
25959
8264
16136
21902
22236
27842
25674
32244
27746
31302
25286
22959
28393
24524
24607
30753
28501
28029
9069
7514
5517
3957
31978
23283
26062
19911
21997
12345
28742
3521
32029
30095
7902
30834
734
5901
5463
10858
14864
25197
22424
4289
12537
27688
10822
5979
13951
20444
24982
3177
16283
20465
4703
23859
16650
6268
22900
4118
20806
10595
11568
8136
9908
11203
27986
7140
17951
13966
9483
12962
30053
18041
13142
2021
18032
27925
19848
32124
20072
31547
4136
20641
23847
10926
4608
12486
18670
2812
11636
13202
8790
13733
29715
18982
25737
3455
108
7076
30129
3417
6691
26866
2993
27103
24644
23995
18708
2750
28118
29367
9794
7944
11444
17709
31482
20697
19096
1974
15356
23611
1145
28739
16646
3399
15383
18273
9986
27021
3028
31932
8830
2230
19653
25826
22108
24680
17161
1098
715
1898
25689
2965
8310
13321
27873
26899
15355
31162
13902
5001
9630
2560
1321
29234
18751
31888
16483
1539
17033
25268
18225
14387
365
10733
22810
29179
4814
4572
17485
24987
24958
14690
20025
4253
874
1799
2648
12125
26385
28824
4939
14793
30011
26132
23084
22886
31463
25546
32
10388
28549
28603
28203
15122
27493
1605
8009
4036
25200
14851
20666
20404
30486
2799
3229
32344
31111
14537
17088
32531
26406
5309
25527
5117
32314
5696
12843
14823
14823
14139
15989
1434
19038
23403
16491
26208
23888
18183
17274
29126
19112
26788
22774
7327
31097
31319
17581
1356
4405
15897
22466
13115
19233
22895
28089
28590
30725
5194
16334
7102
3624
32555
651
10143
21371
17548
409
3877
30741
10620
11735
32647
13535
393
20905
2660
17041
6626
24467
2563
15581
24509
3846
6879
17897
17911
15225
20067
32259
11770
14780
31474
9105
22500
6025
19754
28486
7654
31069
32362
156
32489
2693
21649
28286
15480
13180
20233
20548
4058
2676
9477
21221
14974
12851
30982
11880
30109
6944
26020
3996
1306
23198
18315
18953
29101
3224
26820
26150
11840
29533
28982
24525
11417
18863
16492
10475
9530
31510
5272
17532
5765
13947
8920
3511
16164
3825
1209
32645
6056
7894
7930
4152
3952
24859
26002
30074
4301
13536
8435
25731
4195
16196
6289
8848
11219
8059
18078
31120
7063
10529
31000
25888
31789
6349
1030
3001
12919
30442
26879
22568
28514
7362
6123
18239
5830
4060
11534
15819
3469
10120
20546
31430
13080
12472
6531
31181
2526
1041
7857
22996
21334
16962
3730
7192
8984
10901
32023
20309
11583
16323
17632
31545
21521
12045
8705
24601
14562
11656
27143
24292
21557
16313
1334
7509
22821
8033
3349
14956
26627
13210
13357
10014
21569
20259
23309
30540
398
10489
30353
16114
7235
17191
11108
20385
12542
13278
17092
27183
26508
1224
23685
14509
25869
7322
601
9369
6482
26345
78
23893
31626
11838
9880
8920
31262
23660
22673
10404
8665
5409
3326
9463
16460
24252
9108
24646
1393
19806
13243
22759
26766
25668
14481
20238
21596
8532
15922
19706
24169
26357
29751
32624
3515
14372
18812
29289
29878
31429
29991
1544
8768
13366
4325
12238
11810
29738
10359
23569
25777
25013
25198
938
21935
7843
9778
18927
19052
29966
25417
14049
26416
816
24022
24998
31709
22901
9312
7993
18385
16084
4821
2400
13578
3936
1743
29150
20109
26906
10517
5610
30216
6922
28773
9697
7350
2702
16753
30008
899
753
20519
26292
18033
9023
9781
26845
14138
24152
29389
5808
19255
16708
1957
20628
8320
29638
10051
24975
24149
10036
2167
1210
29884
26501
13097
24306
32620
684
6740
16593
20458
31269
5971
17628
25330
13005
10844
7678
17688
22262
9290
10806
10927
7867
7583
7564
16106
29329
24265
22857
28225
7199
7588
17255
12310
31056
13377
12871
5017
26022
13542
16546
5097
19921
32597
7618
30588
8576
15185
11762
16064
6007
23647
3891
26114
30689
4810
22064
32400
24808
19945
6004
25370
14724
13220
4315
2910
18064
12597
1862
17157
5667
2348
11411
18375
13597
694
8653
4822
25344
7710
27039
20858
14338
29332
24335
20728
29024
6446
1129
25017
22516
18732
15992
30120
29962
2432
20476
32220
2416
7054
10585
19319
31436
816
24717
30670
11058
20477
25956
6090
28406
3019
17903
16014
5311
29298
5938
4953
13277
22227
22045
32430
13533
22809
21694
12979
18522
21055
1972
4824
16406
6355
18407
16056
32329
761
23670
17476
28472
18866
24817
15646
16650
12638
23497
23363
19927
7040
6404
10477
27651
26050
7477
32696
6346
14905
17580
31491
12571
13545
25322
27033
11434
652
30296
657
3905
23695
17464
24946
1110
1630
28891
3483
22755
12257
26644
4322
18290
24902
10734
24956
19063
21506
20378
8989
26851
23826
23723
863
12534
19591
12422
13672
21845
26177
11283
20679
8284
22523
24505
6048
12725
20616
21898
26633
14890
7259
19386
23731
10679
27469
29526
24781
996
9115
1842
15141
20050
26158
20260
21649
19859
10272
25455
15757
1086
1403
17538
14117
10307
12612
6883
17174
637
9912
13158
32560
27782
32725
2978
20478
24783
5404
677
7849
20720
19094
487
11802
13884
11797
12925
19295
4249
19132
4751
23888
18319
21953
32524
6002
8606
6258
1436
21531
17877
15222
4823
22999
31648
22358
20660
4107
7394
28220
18756
26328
28227
13050
8608
30274
20940
16717
288
6290
1969
11107
30925
1016
29037
156
32537
10101
2836
12686
21454
20216
3813
30027
24645
21192
30495
5094
26584
22049
21015
14899
7321
22818
7302
15055
27717
8679
5671
24672
6515
16626
17538
13598
29969
13519
6146
25491
19473
28919
26446
5278
23904
19446
13526
28350
27672
6345
29356
6797
16886
28554
14486
28811
13838
26959
8289
13341
3005
21327
15480
32726
15840
7494
23733
18164
2627
1819
5494
4142
20829
20928
15604
19885
7738
30555
21200
30296
27320
11939
1519
17492
29686
15756
19592
15563
13066
24358
17019
25837
19954
16578
16869
18485
5325
23128
27121
13294
24396
9765
2033
19445
24163
31640
5805
23744
13892
4463
18426
3743
29837
27422
19599
24130
14016
13680
19989
32380
5365
22128
20349
1862
9419
13450
26518
5639
10404
30958
2527
17171
16146
20789
20890
4209
9868
29767
801
13793
26982
28284
14205
28189
1536
30977
26165
10592
26429
24702
16740
18725
16694
16117
6158
18737
9776
3310
12980
31187
26572
19921
24102
12139
6270
23443
6297
2857
16704
5524
5369
16663
8072
30408
2177
32602
32631
22294
30344
23221
1619
23549
28318
25678
311
23677
28887
19637
3081
15413
27751
14370
9389
457
3183
10238
32376
11398
18199
7589
10728
3401
25309
23147
25746
9884
26157
24797
9563
22563
9521
6985
14571
22839
25066
19328
607
18128
12928
10202
13374
18600
8662
18811
5551
4509
15970
20437
10217
16215
2876
23918
16362
23852
1908
20963
26732
3648
16297
25902
8213
8945
7639
2084
18414
7538
27505
11841
22038
27061
14768
25768
8376
19599
9258
23142
21818
19991
8614
15863
28599
9039
22319
5131
18096
23302
8551
27530
32510
20988
18462
4821
31755
12872
4131
12879
8258
503
8026
28700
29124
1270
26383
296
30557
30258
2186
19307
25014
23549
26596
32108
21708
31668
24857
16132
26016
12446
21341
24421
8241
10776
30388
9306
10663
21743
12221
7889
21201
29710
21966
10390
11985
11353
8006
28513
534
2008
10271
12563
7563
13336
18115
3389
31246
32718
8993
4066
10276
23486
17407
22910
26603
25307
1682
2118
32080
11696
13388
18098
5249
29950
10997
9017
19110
18343
19197
5467
11980
22474
8209
21477
20257
9008
30700
24689
9831
31463
23408
27692
32163
11820
7669
31196
5653
23695
30433
24865
12141
13137
22904
5882
15932
6673
32502
24460
26281
4775
22235
19743
3941
20561
20871
12394
8417
18957
14598
24080
17598
19525
3117
28010
14725
19889
4070
21639
3736
2938
2760
1393
23656
12443
24299
28850
19689
3213
30202
4375
2115
7459
13193
25780
22987
28595
25001
30504
8497
7542
19386
24867
25594
26417
31617
24869
4913
13333
19579
29064
22874
30692
18800
32704
1192
17494
2122
10466
24944
2491
30760
8035
6364
19169
21935
7714
26596
18488
14752
3241
17018
26164
30128
14512
14085
21235
13204
18659
9745
12064
2651
19686
8773
15895
32256
3733
3221
24906
7488
2192
16569
25315
12713
9719
26077
21419
13812
12146
14234
42
1684
2421
23333
16656
143
10178
5318
10963
653
23087
29068
24730
1070
22185
14656
3674
14241
9337
15511
20030
26995
19654
21419
32077
4772
29787
8364
17223
20736
17067
27347
20943
14764
14866
9624
7887
14848
25950
30757
7705
31380
32398
22794
15946
30878
29402
4658
11508
18811
26611
16662
9724
15499
9867
10032
21056
20290
3608
24243
31101
10108
30165
18297
2929
2065
7946
16445
17468
29610
7310
10
28684
29139
21386
9203
4601
10833
31103
17669
29230
19125
13195
10874
22346
27185
15080
27695
28422
24491
10933
6489
10775
15888
23289
14195
3926
27371
27877
11643
18974
822
27737
28509
30709
623
10922
32176
31087
24559
13987
3488
19024
5752
5577
27947
9457
18957
8931
30609
29925
6
13754
11781
23771
7523
30750
18601
21446
8033
3113
21433
7484
16971
26568
11526
8476
2707
2422
30119
26228
25633
27211
19435
13730
19435
20790
24978
9657
14278
27527
16956
6438
12411
20144
24097
28051
21022
18252
11523
25355
9883
6496
32097
32351
3730
5601
17390
27337
11365
10615
32577
7888
1423
18561
974
18539
20023
23641
17429
17513
4868
5593
26905
9488
13620
18718
20244
3077
27880
13963
14953
23404
17858
25873
22746
591
18866
29102
25339
26692
19981
30772
29158
15434
5856
31052
23857
10997
17539
25018
13597
16331
16241
5859
11536
30189
5718
11404
2630
15354
618
10212
27331
28464
1534
29637
30860
4564
22868
27191
23830
16596
6580
5942
2303
11436
28348
6325
9212
6534
6648
16354
14611
10917
9395
22444
29450
32003
8204
13442
32031
21817
11084
29022
23545
25760
13430
32259
21215
27062
10016
25219
10536
12227
32130
23555
25586
12732
26573
14018
18455
25703
32190
2392
14429
27584
11890
13628
17389
16284
25212
20617
30983
908
1077
23810
20467
5636
25171
28755
16955
6844
8381
12698
25111
1111
11166
20517
1577
24899
24760
22397
23914
28640
25340
1188
32613
15844
19543
156
19619
22270
12750
9256
13158
18105
11725
10455
11418
29092
25788
27453
1288
2480
14292
8836
18125
8665
6705
12580
22282
9480
15400
29422
7134
13368
218
11343
16017
12248
29193
32467
24082
28785
9771
1768
17828
29321
19645
1765
31700
31175
21722
17226
15790
28504
25100
29769
14896
32656
866
28806
8703
15061
24771
29980
24409
15801
21121
12000
2635
9318
5937
26857
27940
19775
7099
1104
11561
11972
2477
7476
27530
17590
4053
257
29333
22652
6414
23026
17194
10438
25946
13269
5743
13424
14641
15887
10180
11433
5913
28383
23290
21076
14199
27623
4799
17070
12965
23528
19293
30514
4420
1485
19877
31930
14036
24811
3621
9702
23170
31367
3234
15553
576
21656
18370
30626
13339
8655
6408
13649
20937
725
3333
17515
21122
10452
3021
14856
20242
312
26025
7066
5163
20151
6155
24601
12031
21390
24263
3165
10254
28942
25983
28363
24637
24664
11615
15923
17449
26725
31499
8185
18874
13641
24790
22899
27643
13496
14645
12435
6441
7113
9587
16326
18186
31226
25766
16667
8575
32116
5857
5288
1885
19601
16555
1578
18809
6300
8880
5611
24578
19928
14775
18665
2580
1219
31444
17460
2953
6299
8159
14232
32019
1826
6180
23420
25224
32159
29020
1546
31612
14117
19677
7056
533
4119
13581
24102
19483
29420
26396
24722
591
560
25843
8296
25086
9163
25447
2934
15573
20870
26803
29790
10999
21195
12069
14981
9037
17324
8215
10540
28189
3368
31521
20957
9695
12969
32141
26121
14924
6352
7691
21487
10679
10613
12454
10943
25760
30954
1783
2560
3975
20608
24729
8239
5886
16973
16349
31913
18946
10796
30398
14539
28299
16388
23
15447
1122
8014
30995
8473
10803
26577
20197
31179
22755
23472
29882
55
26915
7847
13804
28315
5958
31378
30841
2129
31055
19759
947
5551
6991
804
7993
22317
13806
17476
7717
13253
13127
13582
10887
9888
30201
29046
25875
12270
5754
9449
11542
19734
2735
25483
9391
15375
27578
10435
17723
3597
19988
7929
6161
19809
24539
5278
26480
15002
16749
17005
31669
25841
19509
18161
14545
8676
15301
31560
12283
10272
27941
1318
31138
20900
10347
18973
27558
18724
10380
10267
32711
9899
21874
5940
32350
16261
25679
6305
16715
11612
21040
5897
9006
20641
27861
7168
28378
21038
24000
32462
25350
26665
27532
28785
7750
25131
25984
2277
1850
16545
28004
14754
1285
23411
5011
18791
7169
23524
31058
15670
17074
3514
28000
21151
760
19358
14031
28482
15240
2757
529
10640
5532
18896
9302
20177
746
26353
10518
2667
22483
8528
24041
4705
21982
18861
20639
32026
14948
26182
29581
9316
9613
19963
23589
14776
28027
32432
20426
28608
12740
13043
4834
23830
17190
31454
11820
31823
13174
23615
7763
27960
8666
15863
8644
23391
5944
8864
6333
11733
1774
30323
11175
25651
18372
29800
11174
17627
6430
26270
24942
16512
2167
17918
15960
12009
19210
32028
9141
18673
24530
21085
13410
979
3509
15711
25757
12708
4605
11157
15382
2849
4871
30770
32329
1707
11071
6985
11532
8336
8268
21554
6500
30860
6791
21295
30365
26768
28850
9807
9114
30913
23527
28051
7785
21700
10190
6736
22042
9785
13075
15828
20178
30853
21527
11084
19483
2517
30182
28902
30078
11616
362
27698
10580
8940
26334
32206
29145
1939
23428
8258
20610
17351
8091
26153
21393
6804
24716
9106
10726
15909
2916
18085
10520
3466
9094
9098
31172
24504
29090
14214
24101
32721
7905
10087
18149
16038
4194
32035
10803
15739
5866
26812
20758
22026
18135
2150
3841
17354
3158
31724
6055
29296
20438
18256
26384
5558
16061
18610
28653
28252
3161
17778
1065
24685
16153
21145
11200
16068
24061
7285
24020
28622
4683
20868
20478
20370
4484
13460
20450
29422
25494
6695
23302
12323
22867
21788
26852
4244
18210
22156
6973
4042
22516
1267
18609
19388
3194
3728
5517
2637
14998
15118
3812
14359
8463
99
31713
17511
25480
24313
22875
32392
691
18699
13226
22597
9410
6483
21177
12713
16926
23778
27741
4617
2652
29775
20709
29253
5485
20499
17907
31818
13588
19508
906
25563
31389
28449
1895
15506
17613
4061
12949
28961
27157
10080
25916
16350
21258
20795
3258
24703
6426
16250
22516
14113
32119
9678
1518
14480
19544
24556
666
25538
97
22320
17902
29860
14943
27526
10553
13338
24889
25482
9911
2368
32292
10222
14179
12279
10517
19996
17164
14493
6524
13853
22187
13595
12079
16314
5364
14117
1956
23265
5419
957
29540
30538
9273
8185
24508
5977
7167
6919
2230
2631
17642
14702
1864
4477
30152
26006
4042
30016
26074
2443
29869
19603
25898
13822
16747
31833
28446
14989
442
12731
19278
4932
2309
23497
12435
20323
19996
26724
7776
21857
12075
18523
24662
10290
12777
32468
28690
4550
5137
16366
10570
22226
16406
25252
1048
22482
31251
10741
18837
17231
22784
10561
30378
15709
24620
18423
16675
8297
19687
10349
29445
15153
27775
30223
4130
12308
3695
24252
31210
22924
26322
15213
1412
22521
29982
11288
14366
11424
17166
10964
7553
1523
4064
23101
27880
8467
15297
4890
28690
25747
1926
30013
24726
6271
31900
32683
12151
24476
4418
29693
27384
22002
23797
2310
14001
30856
28972
12470
2531
14959
10822
30014
10249
27393
3265
12661
1967
20843
684
10363
7047
8553
3423
16540
12730
11601
16233
25975
23932
31059
4810
21855
7907
5119
28515
24065
15609
22535
30122
19527
1552
31559
24994
4989
27221
3842
6667
28595
9384
21871
16341
1890
26027
4212
20955
20562
13593
11697
14542
15290
32090
29632
20335
28074
30036
5307
15106
934
23683
18943
10239
11923
15692
23856
16138
9176
10638
17022
26149
10685
9595
10278
8741
17174
13478
7995
11362
15910
15708
16806
4275
10942
13880
31084
26522
31653
20978
19759
187
22332
7544
22008
4499
23394
17472
16947
15462
22678
28380
2555
889
18523
28623
14488
31874
737
12959
28486
22621
30689
8491
1336
4864
28361
29503
26845
24497
4633
7270
9826
9591
18957
19455
14200
8142
10876
13203
87
30622
30720
1894
7683
26734
2135
27980
27086
17877
521
19902
22046
30002
16203
15149
2160
12189
22564
25494
21661
8222
6094
16471
32092
12828
24927
30785
24073
9240
18345
10222
24997
12955
23646
1109
27421
28524
31352
2971
4815
6407
4055
14381
23882
1611
10796
27147
20309
31347
19223
31335
820
30023
18316
11630
8998
21395
13947
30310
27954
21465
12976
16889
9251
21315
29688
15056
4562
22235
901
15460
32419
13566
3987
26641
16978
29454
8780
4205
20976
11112
16361
28375
28456
3990
12315
22355
23751
23237
30377
24213
15484
18553
16218
9819
31195
25471
16661
17408
26280
16676
23623
30030
27731
31908
30853
6037
30399
1765
25971
5369
31815
7781
17124
15376
18179
881
13378
13741
25415
15513
25393
3318
22381
32608
5487
32189
2261
4408
23038
32013
29225
13485
4486
12290
3814
30432
22005
17630
8216
28983
1384
25178
11877
21331
29774
8506
27980
18754
2762
17444
25519
4598
20826
8626
32143
23030
12471
29894
27416
11860
26876
1822
28893
7135
1033
27176
3428
20121
18218
12823
6117
17772
26612
26422
15439
28184
2160
8572
30860
15728
15996
609
32518
6086
10861
241
8810
7588
24825
15391
11948
12477
11349
18267
21323
17698
26778
9575
726
21177
32621
25958
27567
31468
18143
5686
28175
13982
18322
1023
13130
8291
11806
29708
19028
12016
27570
21210
28036
29648
18943
2159
21913
12889
30289
26349
15867
25311
18431
26471
32323
30247
17926
10483
23804
27934
12273
26113
32683
6347
3580
21483
7182
5763
3192
8397
20130
23644
9841
918
14951
27108
25487
4703
21991
28946
11578
21244
2421
2940
32513
14801
691
20427
30269
2791
24919
23404
1265
20800
8494
9353
19445
24679
25953
10296
24660
5194
2295
18674
32754
17228
6299
28998
31090
5783
6559
20174
19286
15535
16962
14691
15976
10829
1838
6797
32601
23914
8773
26941
31657
22170
30365
3519
1478
15515
30153
16874
1144
24110
27227
16794
12668
1573
19366
24416
11120
21950
32457
20855
24303
6447
10473
19194
2812
19074
30397
13653
25764
13987
32080
7674
7647
30904
6146
11349
21432
16304
26576
13313
10157
4639
22486
14140
2137
1097
19218
28056
27984
5244
22379
8948
2635
8612
12786
683
15749
12313
12391
8971
15716
28859
1023
25865
18780
15937
4452
31794
25105
1230
2558
13029
19643
18373
10865
16064
26063
14815
16999
14680
1756
7035
27023
4397
946
21301
1510
1757
714
29881
1845
2711
13538
10714
31706
3539
12264
12766
25292
7488
28953
27420
24282
22270
19050
6858
12083
4366
16167
26384
4395
17415
5082
14176
28476
3594
5486
28426
331
25079
23444
13835
16941
14049
2662
17446
24170
19392
22346
25143
65
21350
21786
5571
7404
7349
19330
10963
10021
2830
7593
4099
19176
29452
1043
14550
5755
12147
7622
31308
13484
611
7339
5559
7258
5842
4408
26058
22838
13881
6476
25075
20939
1676
30298
27627
11964
25712
20170
7051
18253
11689
7836
31969
14117
4049
6991
29827
339
12112
3841
15907
25742
14984
28375
14692
17601
15696
12447
30956
19911
18596
9140
18362
13170
17050
20770
6330
13011
29336
9995
5271
14517
7621
29514
14801
20843
18365
29013
17167
17868
27529
28520
18358
2427
16590
20192
19130
24172
24900
25573
11189
20899
25194
30795
11830
30015
14201
30138
2907
31672
28566
31501
16802
6245
9291
24825
5884
18753
11320
29167
291
28142
26118
22851
26670
20474
12189
3469
30563
98
23959
14928
28748
11860
18164
27865
13325
23353
14607
2154
30452
4083
26576
17816
21074
30563
11812
16626
10377
559
12970
23779
3943
30658
17584
31450
13490
6292
1373
20391
28932
13739
12591
22313
31961
24930
7593
11046
31719
7529
16197
16762
21166
10765
19376
21876
31311
23225
19510
125
18081
5053
13435
17914
21122
21839
20845
5748
1643
30671
9334
3574
27976
32080
32502
29111
19334
7251
29168
12537
11373
26581
26116
27953
22960
14477
28573
19816
28994
15215
13163
8417
3436
18804
28436
5372
13085
27805
31270
602
31361
13878
21329
5442
9684
19032
3539
21828
6777
17585
13107
20508
28742
23175
27954
27609
2851
24059
3071
9278
29395
1675
15530
14184
23825
8923
987
1457
7647
6069
20676
10453
29211
20558
15444
1619
22611
971
18605
24854
27610
29699
13529
11861
30235
2439
14520
12728
10798
28896
15677
9404
16041
7447
25818
27992
22969
21371
30777
10209
881
9374
2861
2091
4705
30369
28136
22001
18027
1201
15982
2166
1490
30674
11850
17773
28820
31963
20607
18198
15866
31682
961
28075
6253
21530
19685
32762
27531
17114
13719
24403
22650
21856
843
12964
17532
3510
23158
19683
13764
7187
8701
21164
29321
20901
15085
25388
5720
12429
24686
18493
4526
15660
17394
29138
18374
29853
14770
16534
16048
3202
2395
25552
5539
24580
14084
20106
13716
11797
22628
2034
28679
3320
19010
23296
38
14084
23084
10585
8720
5285
14444
25972
13427
10147
17976
30715
6237
15271
5161
5236
17231
32763
9455
16672
14228
28305
18498
5667
22224
9287
8731
30694
17116
3689
12837
20666
16593
4471
28526
3518
21091
3369
19555
25346
31089
25009
14075
6892
23001
23104
26930
29915
11665
8395
7609
22283
16116
7951
31980
22457
23897
28883
22020
24967
32746
19309
30862
30497
2740
32391
16924
23073
27130
29219
13370
6448
30671
17885
9891
18798
24548
30064
27061
28437
30110
9852
27939
22873
12395
903
16106
30098
16983
18497
30342
23964
31962
25356
24677
9598
30708
20411
32156
11339
12156
3994
11225
29766
2742
25263
2456
17993
547
9792
27290
9320
22429
31894
28819
20433
5283
8704
7204
26102
17137
4890
27144
22767
4947
26702
20626
18201
26300
2716
12631
30212
28050
9623
4904
29836
20813
31408
14403
10309
7232
31159
25801
18973
21430
17055
26995
5692
30785
29826
18049
13103
24655
28132
31476
5190
8446
25148
21501
23354
31026
26801
20661
32019
29412
26657
28174
11849
11965
1127
28426
23082
3555
28894
29995
10619
11795
19489
32042
23650
27632
26901
5100
31620
24474
10538
22449
9322
1923
19421
6543
29993
5502
22402
13087
23362
4633
32576
25718
18887
18989
10845
20054
6847
15027
187
23718
8140
28377
8355
13600
9739
1110
25026
32330
28988
18938
18801
4775
29219
11401
5178
29742
15405
26057
30871
5115
32343
8666
1788
16965
844
3782
19224
23184
31949
2649
4697
35
7766
25139
31662
32445
19199
23067
13456
9092
23200
27798
1859
8766
14904
31160
7769
23235
27536
22587
8569
4786
10267
31950
3934
30564
11041
11183
31010
31774
26396
26748
701
26763
10851
6215
19657
11113
30469
2536
11144
17794
4600
22679
20263
24798
3443
23738
16708
26679
21144
7931
23471
12973
28246
414
7277
6075
9614
5137
31491
32618
5236
17605
8945
17092
23865
25917
14204
28812
10727
13413
1200
18988
1420
25380
16806
3311
20634
18228
18435
23408
21646
12338
25793
23379
15056
4849
9778
23346
27354
32532
19265
5338
5021
4828
14332
24504
25632
24894
4943
26510
14187
32313
29202
15210
14243
9574
13127
18649
15478
11985
29084
5976
26810
17927
11832
22539
19280
6000
6323
7602
1871
26591
6246
20696
18270
19048
31462
13389
98
26738
27595
3543
18266
4108
6582
18213
16006
31877
11410
6916
24015
3382
28953
8918
6755
24227
23962
22591
12704
31171
21498
24353
6963
3483
17658
11211
26241
26386
6327
22893
1862
6912
119
17615
21883
5768
5538
16195
17534
2472
27151
28121
5485
24590
28033
10449
2258
15405
19570
28502
21382
10385
11279
17257
23247
29551
26499
539
31692
26753
12920
3071
25107
23824
17627
20959
12696
16979
29664
6574
2001
12791
23623
4030
6167
10495
477
30771
26448
25806
2117
5304
27339
5762
26872
4720
3691
24708
19083
5167
26120
21085
23857
11499
3602
22220
24704
24173
32631
18453
13944
28748
23239
7835
10177
13084
28311
28081
15668
995
32035
8878
21149
9164
1335
14911
18111
14368
4687
24578
27801
1649
22525
11344
8680
16665
7307
29786
12013
30691
14049
24695
21360
263
9130
15548
9477
28252
30131
14286
8846
25289
9619
1012
8449
23548
1169
3696
30060
17503
22210
16656
54
24904
22642
512
32167
29041
12997
26082
16298
4007
9118
18464
13522
11718
23744
15745
24732
15332
24116
5371
10484
20429
20458
23241
7418
24752
7843
4541
6405
27415
24589
5846
27624
4380
16944
25365
24949
2778
2570
8077
22080
31523
25974
16314
14502
31857
5203
5651
6925
31262
11489
5858
15212
10711
32622
15700
9231
14670
23859
18124
18836
1071
18041
14461
19002
26198
17408
25400
12891
32319
28576
22914
27190
29629
28721
3050
12530
5871
27817
32666
18656
27504
14980
21291
14593
29647
19305
1470
18376
20799
7690
13384
4896
2959
13900
16685
27057
5468
24744
6673
18783
24709
17616
4074
10004
5855
2966
30042
25536
19242
7178
30525
4766
13892
13283
25470
29880
21661
24353
21038
19885
30699
4848
25815
30130
8479
28622
4109
19671
13975
28400
9031
29580
27285
32482
749
27747
26096
21359
18610
2839
2825
27840
15908
21710
25857
6600
25985
13723
5929
31199
1229
12103
24762
16812
26401
25937
2247
18249
18502
10803
18031
6562
7811
29159
31063
10014
14002
19882
18008
14210
22169
21760
27764
15634
22904
8184
26127
16633
31455
14001
10843
28394
17346
6685
8981
1032
19919
18949
10863
9475
20735
27725
9549
24452
12140
31098
3507
23244
29538
4721
382
31640
29624
25473
10579
32583
4705
14500
3030
21054
18750
9986
8476
9612
31030
28599
14946
1994
12169
32726
4607
1349
21857
12718
6039
4960
32171
13132
19602
19251
17700
13889
17612
14200
30903
19621
8078
14760
30214
5979
3262
19041
31303
10647
12882
6411
21329
17822
1546
20155
9974
22221
28511
30807
17556
19677
17847
23548
13543
15461
32474
15772
31777
26784
8617
22252
16957
6769
20750
1661
21904
26788
815
31272
15265
21879
14567
22704
17466
25945
18806
11939
21183
4849
5751
8833
20927
17506
15379
13344
1225
9678
4469
2895
11393
3353
3453
6586
12530
19183
25529
5134
17958
3336
28049
1629
16116
13738
13249
1987
538
19568
11277
20810
21900
27723
32559
15371
29707
21190
27413
27286
8440
29838
5449
8596
11883
15153
25009
5035
10624
20518
8568
9378
8433
6414
11852
26566
14826
18745
17866
23948
1816
11372
14646
13431
22020
3809
17776
4412
26271
26256
10019
8741
16669
8621
16192
435
7687
15986
23467
11399
5260
4126
30772
3714
793
21822
3016
27436
26153
811
13800
9554
4445
27348
24667
10740
32463
6845
10528
606
10404
8776
10407
20884
8416
6708
26689
16627
23422
5731
7380
8214
24257
25824
31187
15351
19909
15904
12397
12630
345
19080
28421
15967
8977
8496
29923
22407
32406
9191
3625
951
32065
23671
3080
17324
32744
16170
3379
2206
2808
30348
10900
32287
30916
7283
23615
11079
9757
1085
10916
12046
19747
31321
8
7161
602
7433
11830
14073
2049
12901
31857
7568
27551
8100
20910
5941
8670
26007
20224
5626
5276
18038
28244
10860
22336
30943
31070
28346
30026
3100
27859
11546
3887
24997
7129
17769
14691
24549
10172
5649
20919
16961
8162
27696
16101
10839
24065
16119
20073
22147
29327
14928
9363
8616
13690
23747
29403
12333
20250
11418
26740
28229
19812
18499
4388
17268
6496
22007
5714
8015
24797
5785
5729
17283
18531
8161
1596
28440
31081
441
20786
20215
24776
23271
11013
22442
12656
8429
18493
27748
32601
7981
28866
30529
1725
29009
8362
22222
29573
31978
11088
17612
15617
11863
5286
6705
27099
31977
5324
5232
20558
31301
31201
32762
9875
28937
23577
27653
30620
22194
22543
19340
20485
5309
17245
10135
14152
27916
3947
18108
18736
32140
20100
28134
912
10005
3887
7765
7220
23441
444
29926
29464
5985
7197
3733
29912
2556
12279
5696
360
12761
9977
24494
11013
28560
22893
13263
24939
21564
13068
12869
23881
12067
6679
27684
24562
7833
19619
7158
6997
10273
10293
7939
22063
7126
3982
5071
8319
18185
25288
16867
11323
14892
15778
11984
7745
9710
28697
1138
27536
5032
25912
11378
5816
31992
27696
17678
24975
1707
6059
21277
18214
25313
10078
21837
20987
7787
12253
7344
8816
23928
29876
3703
14716
19313
10419
13053
23457
16929
2185
13831
8222
27673
917
15434
101
26195
26360
12845
31695
9493
16111
30673
9103
8216
25184
3662
8933
2538
23730
10816
6036
5777
10722
20355
20117
5489
30931
23098
14605
25200
26598
6422
11645
29271
28619
23765
18744
32379
28823
8456
1563
5022
5398
12826
22648
2064
98
29838
26963
7449
31156
12680
16593
20380
2683
3215
29933
7156
17067
1681
12397
14626
5976
12839
9748
3882
3971
32027
17434
27834
13108
13096
15321
16397
28873
7680
12745
22287
27789
26260
10670
27330
28300
7055
784
31200
25254
291
6636
14018
7907
3593
24489
3200
25606
14787
77
32602
19557
37
26609
27734
7415
15891
15475
27691
11439
19340
8042
23902
22024
30440
19551
22955
9954
17757
26426
6822
17036
7368
3834
4514
10786
15018
2217
14034
24345
7281
5775
21422
5144
15610
20391
19608
24585
19283
2895
11712
10097
16069
13635
32581
12284
27666
7628
9373
4701
32763
6709
19254
32340
773
2431
11357
1296
19069
4438
9824
23992
31418
10051
28911
22597
32418
14882
28872
29330
6256
4055
28308
17334
28596
11069
13579
12689
16538
20063
23135
9381
4208
27883
14552
11815
2915
8931
23227
21590
28553
918
23921
30988
10533
21711
4069
3731
1062
2636
20526
3769
5872
5489
27758
26663
19039
23870
2810
21998
8969
29311
23995
21859
12228
21570
9428
11821
16745
22670
17540
16540
20439
3410
29262
3645
12346
9628
15704
12459
141
18187
30226
12967
27741
19335
14615
32619
11984
19247
8536
23612
30183
659
25975
8255
2816
26916
25713
7821
25759
3049
25984
30345
1389
115
3904
15986
19585
1042
23056
15412
6879
6985
443
8324
29246
17792
14936
30763
28943
6393
11374
18338
20410
23301
31836
1248
17195
26744
24824
25456
26765
602
3447
9926
7765
21215
29325
28371
28291
16025
6868
13015
28196
21997
9842
24183
13852
31428
10743
17679
22818
3714
29828
24393
31500
15420
306
1775
27981
13094
6065
9469
29884
25930
24624
1531
7319
7808
28285
18569
15047
1946
2158
6716
2405
27103
11135
13992
31102
18107
5564
23742
8979
6068
21986
11865
30308
19104
9921
11795
4719
19989
6628
20317
25779
16930
21876
19663
30265
8508
26970
14524
2517
30075
32676
31754
28586
28167
27690
14144
12780
26829
24433
14817
32490
17526
16591
1017
29771
3737
29648
1525
12183
25135
3289
4791
18426
2632
14603
14314
5445
15613
23914
28819
26678
678
12607
26089
6137
7501
22459
12903
2286
1122
15580
23327
4269
18607
14741
29521
23368
29839
17193
7740
13776
15451
10712
25396
25114
4902
10941
2037
22466
30634
22775
25911
5745
3457
8711
27011
27996
22169
29049
15940
23565
8418
14279
17185
28774
31817
22650
21386
17891
19690
17298
2705
2591
19841
15912
30972
10906
5666
7762
408
4025
31531
32327
20432
2318
22646
10947
7293
20186
7379
20653
13568
15568
10677
11768
30863
10780
23339
18887
16332
676
19474
30676
25244
1422
10890
11026
20534
19714
12454
23441
28026
817
5480
930
11653
26774
2540
30781
6274
3963
5859
8351
13506
28864
28227
20791
1552
15832
1341
19907
5950
5140
2672
14007
16900
29988
3164
26078
10507
10459
25625
32323
6212
27698
14408
13138
16254
4496
11339
2875
31544
30280
4017
8343
8115
29027
8692
10062
31308
8097
15975
14520
32009
12474
1130
11010
18546
6633
20448
30676
1954
20907
5603
30256
21149
30917
31158
27550
2788
5252
11770
14470
26183
15944
30245
9181
7163
27716
23601
2563
26604
14207
28305
29420
22612
17182
6761
21375
6541
10470
30206
32315
13348
3837
3948
1824
28974
19184
5015
7885
22751
13818
24931
10470
32600
5764
23848
4536
5057
17128
6240
10016
26008
24954
8611
30888
21576
27081
4310
756
23806
19234
9119
10845
15032
23638
32283
18651
19615
30909
25556
21288
13974
28283
31981
22818
28691
8706
31648
25970
13613
2777
13803
107
3575
28059
1925
23092
24589
30530
4119
24618
15980
7589
8617
16768
27527
26944
29530
10024
16791
3124
27733
8951
30002
27278
6912
6660
26143
30668
11383
11857
29289
3486
30776
27565
32690
8169
29728
15320
11978
29201
9366
26089
28032
12664
23814
7405
23224
6466
25745
25041
12478
860
21250
15490
10714
2748
14852
4178
4901
8938
28307
3998
410
18623
1713
4781
23920
12396
24410
21980
14248
5311
16057
25336
7650
2978
26268
10732
24692
997
11046
3228
32445
20541
25027
25104
11703
25484
15457
13525
11468
8802
25822
16544
23787
28100
27836
29493
19930
19245
25884
29831
13774
19923
13034
31265
1849
9515
29525
27076
6371
29871
1154
3922
5180
22751
1665
27114
7665
15750
26752
21589
27837
26942
22078
3233
17026
25142
6595
24331
31640
4147
17743
30755
10340
16341
14736
8746
25901
27420
23575
29119
25644
27434
4621
9659
24034
30539
21282
15961
23471
5426
26823
3994
4255
24198
11677
21223
13447
16285
24877
31736
5457
4999
25561
21750
21140
16718
28434
9692
30568
15996
7628
27427
26232
6878
22831
24478
19544
31112
32144
23971
3097
6937
19359
23403
23067
23872
31202
1723
31011
21375
31330
17348
19885
23855
18596
4937
15236
23749
21466
9215
399
29779
22875
4921
2030
27474
17233
8388
21574
8606
24497
23056
6232
13250
881
145
3801
13430
28149
12133
6781
8038
202
1079
23382
26933
8086
20323
11868
20674
19535
3931
19277
21930
21420
15177
29879
30734
7641
8438
28242
9622
30575
23018
11668
30645
26275
7125
30848
10031
24766
26669
26303
22745
29645
24345
30961
10144
14489
14734
14917
4045
8409
11959
8263
8072
30119
18587
7418
4250
6705
27642
5927
12151
26289
6007
15604
13179
12191
7677
25784
27764
19748
24667
28686
26977
14035
18993
25897
31865
1940
5648
12903
16495
32224
7389
20520
757
19508
13430
13536
14463
19903
24984
20331
23881
29534
24833
31649
26523
31947
19409
9515
12108
21010
23350
3221
28293
4420
3912
25251
16327
9326
15666
11753
15663
29644
18579
11926
9465
2107
3108
13457
10052
12781
13722
7111
16660
1888
6350
25283
18589
20625
15899
3967
3775
12909
12295
22137
14797
11912
19494
14346
15762
19217
6972
2035
5270
30470
29858
4921
7837
32420
28907
22580
18545
9250
28614
1250
24801
12446
13606
12161
16138
4440
24993
32092
7637
21790
18966
11237
20673
7687
29331
12292
13795
23396
12406
24495
2347
24564
14290
22971
31976
10327
6164
8177
15246
26053
27622
5989
14007
8448
16467
25347
26473
2439
30508
19563
25495
17677
10411
12031
27882
21289
18519
6457
23745
22863
4391
6211
4470
27391
31978
25025
16611
8764
19174
20465
21540
7232
22976
25591
12447
11886
22684
17010
4674
26504
4996
24147
23308
12578
24334
17903
31695
9559
26425
18003
23092
27834
26009
22743
22527
14479
692
3830
24468
11580
26283
28764
6586
20730
15645
32577
12448
21200
12360
22262
17438
15810
8049
6333
29500
27718
5254
6878
7928
20471
15619
3575
19012
24973
27154
3220
15183
19725
23542
18687
16901
11837
23721
19802
18393
29019
28100
490
3266
11278
3488
28086
13699
669
22459
25937
3888
27999
1117
7156
11246
29299
2939
19151
15610
10160
28379
25249
19949
4319
28537
31623
17726
11816
12842
30481
19976
20171
6015
2203
3853
31761
19180
6107
21244
4225
19753
12726
1519
20310
32217
